Observed  Wavelength  Vac (nm),Ritz  Wavelength  Vac (nm),Rel.  Int. (?),Aki (s−1),Acc.,Ei  (cm−1),,Ek  (cm−1),"Lower Level  Conf., Term, J","Lower Level  Conf., Term, J","Lower Level  Conf., Term, J","Upper Level  Conf., Term, J","Upper Level  Conf., Term, J","Upper Level  Conf., Term, J",Type,TPRef.,LineRef.
207.643,207.6441+,2400,,,0.00,-,48 143.98,4d7(a 4F)5s,a 5F,5,,31°,4,,,https://physics.nist.gov/cgi-bin/ASBib1/get_ASBib_ref.cgi?db=el&amp;db_id=3475&amp;comment_code=&amp;element=Ru&amp;spectr_charge=1&amp;ref=3475&amp;type=
208.377,208.3781+,2600,,,1 190.64,-,49 165.05,4d7(a 4F)5s,a 5F,4,,47°,4,,,https://physics.nist.gov/cgi-bin/ASBib1/get_ASBib_ref.cgi?db=el&amp;db_id=3475&amp;comment_code=&amp;element=Ru&amp;spectr_charge=1&amp;ref=3475&amp;type=
209.089,,2400,,,,,,,,,,,,,,https://physics.nist.gov/cgi-bin/ASBib1/get_ASBib_ref.cgi?db=el&amp;db_id=16319&amp;comment_code=&amp;element=Ru&amp;spectr_charge=1&amp;ref=16319&amp;type=
225.552,225.5527+,690,,,0.00,-,44 321.81,4d7(a 4F)5s,a 5F,5,4d<sup>6</sup>5s(a <sup>4</sup>D)5p,x 5F°,5,,,https://physics.nist.gov/cgi-bin/ASBib1/get_ASBib_ref.cgi?db=el&amp;db_id=3475&amp;comment_code=&amp;element=Ru&amp;spectr_charge=1&amp;ref=3475&amp;type=
225.953,225.9520+,290,,,0.00,-,44 243.49,4d7(a 4F)5s,a 5F,5,4d<sup>6</sup>5s(a <sup>4</sup>D)5p,w 5D°,4,,,https://physics.nist.gov/cgi-bin/ASBib1/get_ASBib_ref.cgi?db=el&amp;db_id=3475&amp;comment_code=&amp;element=Ru&amp;spectr_charge=1&amp;ref=3475&amp;type=
227.209,227.2097+,780,,,0.00,-,43 998.60,4d7(a 4F)5s,a 5F,5,,2°(5G°),6,,,https://physics.nist.gov/cgi-bin/ASBib1/get_ASBib_ref.cgi?db=el&amp;db_id=3475&amp;comment_code=&amp;element=Ru&amp;spectr_charge=1&amp;ref=3475&amp;type=
227.819,227.8200+,240,,,1 190.64,-,45 071.40,4d7(a 4F)5s,a 5F,4,4d<sup>6</sup>5s(a <sup>4</sup>D)5p,w 5D°,3,,,https://physics.nist.gov/cgi-bin/ASBib1/get_ASBib_ref.cgi?db=el&amp;db_id=3475&amp;comment_code=&amp;element=Ru&amp;spectr_charge=1&amp;ref=3475&amp;type=
227.9584,,780,,,,,,,,,,,,,,https://physics.nist.gov/cgi-bin/ASBib1/get_ASBib_ref.cgi?db=el&amp;db_id=16319&amp;comment_code=&amp;element=Ru&amp;spectr_charge=1&amp;ref=16319&amp;type=
228.538,228.5385+,170,,,0.00,-,43 742.81,4d7(a 4F)5s,a 5F,5,,w 3G°,5,,,https://physics.nist.gov/cgi-bin/ASBib1/get_ASBib_ref.cgi?db=el&amp;db_id=3475&amp;comment_code=&amp;element=Ru&amp;spectr_charge=1&amp;ref=3475&amp;type=
230.254,230.2538+,290,,,1 190.64,-,44 607.61,4d7(a 4F)5s,a 5F,4,4d<sup>6</sup>5s(a <sup>4</sup>D)5p,x 5F°,4,,,https://physics.nist.gov/cgi-bin/ASBib1/get_ASBib_ref.cgi?db=el&amp;db_id=3475&amp;comment_code=&amp;element=Ru&amp;spectr_charge=1&amp;ref=3475&amp;type=
231.780,231.7797+,480,,,1 190.64,-,44 321.81,4d7(a 4F)5s,a 5F,4,4d<sup>6</sup>5s(a <sup>4</sup>D)5p,x 5F°,5,,,https://physics.nist.gov/cgi-bin/ASBib1/get_ASBib_ref.cgi?db=el&amp;db_id=3475&amp;comment_code=&amp;element=Ru&amp;spectr_charge=1&amp;ref=3475&amp;type=
232.201,232.2013+,150,,,1 190.64,-,44 243.49,4d7(a 4F)5s,a 5F,4,4d<sup>6</sup>5s(a <sup>4</sup>D)5p,w 5D°,4,,,https://physics.nist.gov/cgi-bin/ASBib1/get_ASBib_ref.cgi?db=el&amp;db_id=3475&amp;comment_code=&amp;element=Ru&amp;spectr_charge=1&amp;ref=3475&amp;type=
234.069,234.0695+,240,,,2 091.54,-,44 800.81,4d7(a 4F)5s,a 5F,3,4d<sup>6</sup>5s(a <sup>4</sup>D)5p,x 5F°,3,,,https://physics.nist.gov/cgi-bin/ASBib1/get_ASBib_ref.cgi?db=el&amp;db_id=3475&amp;comment_code=&amp;element=Ru&amp;spectr_charge=1&amp;ref=3475&amp;type=
234.934,234.9337+,190,,,1 190.64,-,43 742.81,4d7(a 4F)5s,a 5F,4,,w 3G°,5,,,https://physics.nist.gov/cgi-bin/ASBib1/get_ASBib_ref.cgi?db=el&amp;db_id=3475&amp;comment_code=&amp;element=Ru&amp;spectr_charge=1&amp;ref=3475&amp;type=
235.133,235.1332+,310,,,2 091.54,-,44 607.61,4d7(a 4F)5s,a 5F,3,4d<sup>6</sup>5s(a <sup>4</sup>D)5p,x 5F°,4,,,https://physics.nist.gov/cgi-bin/ASBib1/get_ASBib_ref.cgi?db=el&amp;db_id=3475&amp;comment_code=&amp;element=Ru&amp;spectr_charge=1&amp;ref=3475&amp;type=
236.056,236.0551+,140,,,2 091.54,-,44 441.59,4d7(a 4F)5s,a 5F,3,,4°,3,,,https://physics.nist.gov/cgi-bin/ASBib1/get_ASBib_ref.cgi?db=el&amp;db_id=3475&amp;comment_code=&amp;element=Ru&amp;spectr_charge=1&amp;ref=3475&amp;type=
237.017,237.0171+,170,,,2 713.24,-,44 891.40,4d7(a 4F)5s,a 5F,2,,5°(5G°),2,,,https://physics.nist.gov/cgi-bin/ASBib1/get_ASBib_ref.cgi?db=el&amp;db_id=3475&amp;comment_code=&amp;element=Ru&amp;spectr_charge=1&amp;ref=3475&amp;type=
237.527,237.5273+,240,,,2 713.24,-,44 800.81,4d7(a 4F)5s,a 5F,2,4d<sup>6</sup>5s(a <sup>4</sup>D)5p,x 5F°,3,,,https://physics.nist.gov/cgi-bin/ASBib1/get_ASBib_ref.cgi?db=el&amp;db_id=3475&amp;comment_code=&amp;element=Ru&amp;spectr_charge=1&amp;ref=3475&amp;type=
239.242,239.2422+,160,,,3 105.49,-,44 891.40,4d7(a 4F)5s,a 5F,1,,5°(5G°),2,,,https://physics.nist.gov/cgi-bin/ASBib1/get_ASBib_ref.cgi?db=el&amp;db_id=3475&amp;comment_code=&amp;element=Ru&amp;spectr_charge=1&amp;ref=3475&amp;type=
241.088,,55,,,,,,,,,,,,,,https://physics.nist.gov/cgi-bin/ASBib1/get_ASBib_ref.cgi?db=el&amp;db_id=16319&amp;comment_code=&amp;element=Ru&amp;spectr_charge=1&amp;ref=16319&amp;type=
242.0826,,130,,,,,,,,,,,,,,https://physics.nist.gov/cgi-bin/ASBib1/get_ASBib_ref.cgi?db=el&amp;db_id=16319&amp;comment_code=&amp;element=Ru&amp;spectr_charge=1&amp;ref=16319&amp;type=
242.292,242.2908+,55,,,8 043.69,-,49 303.88?,4d7(a 4P)5s,a 5P,2,,48°,3,,,https://physics.nist.gov/cgi-bin/ASBib1/get_ASBib_ref.cgi?db=el&amp;db_id=3475&amp;comment_code=&amp;element=Ru&amp;spectr_charge=1&amp;ref=3475&amp;type=
242.960,242.9588+,45,,,8 575.42,-,49 722.18,4d65s2,a 5D,3,,52°,4,,,https://physics.nist.gov/cgi-bin/ASBib1/get_ASBib_ref.cgi?db=el&amp;db_id=3475&amp;comment_code=&amp;element=Ru&amp;spectr_charge=1&amp;ref=3475&amp;type=
243.293,243.2926+,65,,,6 545.03,-,47 635.33,4d7(a 4F)5s,a 3F,4,,23°,3,,,https://physics.nist.gov/cgi-bin/ASBib1/get_ASBib_ref.cgi?db=el&amp;db_id=3475&amp;comment_code=&amp;element=Ru&amp;spectr_charge=1&amp;ref=3475&amp;type=
244.745,244.7442+,30,,,9 492.37,-,50 338.99,4d65s2,a 5D,0,,58°,1,,,https://physics.nist.gov/cgi-bin/ASBib1/get_ASBib_ref.cgi?db=el&amp;db_id=3475&amp;comment_code=&amp;element=Ru&amp;spectr_charge=1&amp;ref=3475&amp;type=
245.058,245.0581+,30,,,6 545.03,-,47 339.32,4d7(a 4F)5s,a 3F,4,4d<sup>7</sup>(a <sup>4</sup>F)6p?,s 3D°,3,,,https://physics.nist.gov/cgi-bin/ASBib1/get_ASBib_ref.cgi?db=el&amp;db_id=3475&amp;comment_code=&amp;element=Ru&amp;spectr_charge=1&amp;ref=3475&amp;type=
245.492,245.4920+,65,,,8 043.69,-,48 765.88,4d7(a 4P)5s,a 5P,2,,40°,3,,,https://physics.nist.gov/cgi-bin/ASBib1/get_ASBib_ref.cgi?db=el&amp;db_id=3475&amp;comment_code=&amp;element=Ru&amp;spectr_charge=1&amp;ref=3475&amp;type=
245.862,245.8621+,65w,,,7 483.07,-,48 143.98,4d65s2,a 5D,4,,31°,4,,,https://physics.nist.gov/cgi-bin/ASBib1/get_ASBib_ref.cgi?db=el&amp;db_id=3475&amp;comment_code=&amp;element=Ru&amp;spectr_charge=1&amp;ref=3475&amp;type=
246.294,246.2938+,55,,,8 575.42,-,49 165.05,4d65s2,a 5D,3,,47°,4,,,https://physics.nist.gov/cgi-bin/ASBib1/get_ASBib_ref.cgi?db=el&amp;db_id=3475&amp;comment_code=&amp;element=Ru&amp;spectr_charge=1&amp;ref=3475&amp;type=
246.470,246.4698+,85,,,8 043.69,-,48 604.34,4d7(a 4P)5s,a 5P,2,,39°,1,,,https://physics.nist.gov/cgi-bin/ASBib1/get_ASBib_ref.cgi?db=el&amp;db_id=3475&amp;comment_code=&amp;element=Ru&amp;spectr_charge=1&amp;ref=3475&amp;type=
247.404,247.4030+,30,,,9 620.29,-,50 027.96,4d7(a 4P)5s,a 5P,1,,56°,2,,,https://physics.nist.gov/cgi-bin/ASBib1/get_ASBib_ref.cgi?db=el&amp;db_id=3475&amp;comment_code=&amp;element=Ru&amp;spectr_charge=1&amp;ref=3475&amp;type=
247.541,247.5402+,110,,,7 483.07,-,47 868.35,4d65s2,a 5D,4,,28°,3,,,https://physics.nist.gov/cgi-bin/ASBib1/get_ASBib_ref.cgi?db=el&amp;db_id=3475&amp;comment_code=&amp;element=Ru&amp;spectr_charge=1&amp;ref=3475&amp;type=
247.688,247.6867+,100,,,8 043.69,-,48 405.09,4d7(a 4P)5s,a 5P,2,,34°,3,,,https://physics.nist.gov/cgi-bin/ASBib1/get_ASBib_ref.cgi?db=el&amp;db_id=3475&amp;comment_code=&amp;element=Ru&amp;spectr_charge=1&amp;ref=3475&amp;type=
248.991,248.9909+,30,,,6 545.03,-,46 695.02,4d7(a 4F)5s,a 3F,4,,14°,4,,,https://physics.nist.gov/cgi-bin/ASBib1/get_ASBib_ref.cgi?db=el&amp;db_id=3475&amp;comment_code=&amp;element=Ru&amp;spectr_charge=1&amp;ref=3475&amp;type=
249.178,249.1757+,18,,,9 183.66,-,49 303.88?,4d7(a 4F)5s,a 3F,2,,48°,3,,,https://physics.nist.gov/cgi-bin/ASBib1/get_ASBib_ref.cgi?db=el&amp;db_id=3475&amp;comment_code=&amp;element=Ru&amp;spectr_charge=1&amp;ref=3475&amp;type=
249.402,249.4022+,85,,,9 057.64,-,49 141.42,4d65s2,a 5D,2,,46°,3,,,https://physics.nist.gov/cgi-bin/ASBib1/get_ASBib_ref.cgi?db=el&amp;db_id=3475&amp;comment_code=&amp;element=Ru&amp;spectr_charge=1&amp;ref=3475&amp;type=
249.656,249.6561+,65,,,7 483.07,-,47 526.09,4d65s2,a 5D,4,,22°,3,,,https://physics.nist.gov/cgi-bin/ASBib1/get_ASBib_ref.cgi?db=el&amp;db_id=3475&amp;comment_code=&amp;element=Ru&amp;spectr_charge=1&amp;ref=3475&amp;type=
249.9784,,85,,,,,,,,,,,,,,https://physics.nist.gov/cgi-bin/ASBib1/get_ASBib_ref.cgi?db=el&amp;db_id=16319&amp;comment_code=&amp;element=Ru&amp;spectr_charge=1&amp;ref=16319&amp;type=
250.827,250.8261+,130,,,7 483.07,-,47 339.32,4d65s2,a 5D,4,4d<sup>7</sup>(a <sup>4</sup>F)6p?,s 3D°,3,,,https://physics.nist.gov/cgi-bin/ASBib1/get_ASBib_ref.cgi?db=el&amp;db_id=3475&amp;comment_code=&amp;element=Ru&amp;spectr_charge=1&amp;ref=3475&amp;type=
250.9066,,110,,,,,,,,,,,,,,https://physics.nist.gov/cgi-bin/ASBib1/get_ASBib_ref.cgi?db=el&amp;db_id=16319&amp;comment_code=&amp;element=Ru&amp;spectr_charge=1&amp;ref=16319&amp;type=
251.281,251.2802+,110,,,8 084.12,-,47 868.35,4d7(a 4F)5s,a 3F,3,,28°,3,,,https://physics.nist.gov/cgi-bin/ASBib1/get_ASBib_ref.cgi?db=el&amp;db_id=3475&amp;comment_code=&amp;element=Ru&amp;spectr_charge=1&amp;ref=3475&amp;type=
254.422,254.4223+,280,,,8 575.42,-,47 868.35,4d65s2,a 5D,3,,28°,3,,,https://physics.nist.gov/cgi-bin/ASBib1/get_ASBib_ref.cgi?db=el&amp;db_id=3475&amp;comment_code=&amp;element=Ru&amp;spectr_charge=1&amp;ref=3475&amp;type=
254.667,254.6669+,120,,,8 084.12,-,47 339.32,4d7(a 4F)5s,a 3F,3,4d<sup>7</sup>(a <sup>4</sup>F)6p?,s 3D°,3,,,https://physics.nist.gov/cgi-bin/ASBib1/get_ASBib_ref.cgi?db=el&amp;db_id=3475&amp;comment_code=&amp;element=Ru&amp;spectr_charge=1&amp;ref=3475&amp;type=
254.948,254.9478+,280,,,7 483.07,-,46 695.02,4d65s2,a 5D,4,,14°,4,,,https://physics.nist.gov/cgi-bin/ASBib1/get_ASBib_ref.cgi?db=el&amp;db_id=3475&amp;comment_code=&amp;element=Ru&amp;spectr_charge=1&amp;ref=3475&amp;type=
254.958,254.9571+,550,,,6 545.03,-,45 755.55,4d7(a 4F)5s,a 3F,4,4d<sup>7</sup>(a <sup>4</sup>F)6p?,w 3F°,4,,,https://physics.nist.gov/cgi-bin/ASBib1/get_ASBib_ref.cgi?db=el&amp;db_id=3475&amp;comment_code=&amp;element=Ru&amp;spectr_charge=1&amp;ref=3475&amp;type=
256.026,256.0254+,130,,,8 770.93,-,47 817.84,4d7(a 4P)5s,a 5P,3,,27°,4,,,https://physics.nist.gov/cgi-bin/ASBib1/get_ASBib_ref.cgi?db=el&amp;db_id=3475&amp;comment_code=&amp;element=Ru&amp;spectr_charge=1&amp;ref=3475&amp;type=
256.0845,,120,,,,,,,,,,,,,,https://physics.nist.gov/cgi-bin/ASBib1/get_ASBib_ref.cgi?db=el&amp;db_id=16319&amp;comment_code=&amp;element=Ru&amp;spectr_charge=1&amp;ref=16319&amp;type=
256.315,256.3147+,110,,,8 043.69,-,47 046.54,4d7(a 4P)5s,a 5P,2,,16°,3,,,https://physics.nist.gov/cgi-bin/ASBib1/get_ASBib_ref.cgi?db=el&amp;db_id=3475&amp;comment_code=&amp;element=Ru&amp;spectr_charge=1&amp;ref=3475&amp;type=
256.877,256.8768+,160,,,7 483.07,-,46 400.58,4d65s2,a 5D,4,,13°,4,,,https://physics.nist.gov/cgi-bin/ASBib1/get_ASBib_ref.cgi?db=el&amp;db_id=3475&amp;comment_code=&amp;element=Ru&amp;spectr_charge=1&amp;ref=3475&amp;type=
257.0973,,100,,,,,,,,,,,,,,https://physics.nist.gov/cgi-bin/ASBib1/get_ASBib_ref.cgi?db=el&amp;db_id=16319&amp;comment_code=&amp;element=Ru&amp;spectr_charge=1&amp;ref=16319&amp;type=
257.857,257.8563+,100,,,8 575.42,-,47 345.10,4d65s2,a 5D,3,,20°(5D°),2,,,https://physics.nist.gov/cgi-bin/ASBib1/get_ASBib_ref.cgi?db=el&amp;db_id=3475&amp;comment_code=&amp;element=Ru&amp;spectr_charge=1&amp;ref=3475&amp;type=
257.953,257.9529+,100,,,8 770.93,-,47 526.09,4d7(a 4P)5s,a 5P,3,,22°,3,,,https://physics.nist.gov/cgi-bin/ASBib1/get_ASBib_ref.cgi?db=el&amp;db_id=3475&amp;comment_code=&amp;element=Ru&amp;spectr_charge=1&amp;ref=3475&amp;type=
258.957,258.9559+,100,,,9 183.66,-,47 788.72,4d7(a 4F)5s,a 3F,2,,25°,3,,,https://physics.nist.gov/cgi-bin/ASBib1/get_ASBib_ref.cgi?db=el&amp;db_id=3475&amp;comment_code=&amp;element=Ru&amp;spectr_charge=1&amp;ref=3475&amp;type=
259.112,259.1117+,170,,,8 575.42,-,47 157.28,4d65s2,a 5D,3,,17°,4,,,https://physics.nist.gov/cgi-bin/ASBib1/get_ASBib_ref.cgi?db=el&amp;db_id=3475&amp;comment_code=&amp;element=Ru&amp;spectr_charge=1&amp;ref=3475&amp;type=
259.202,259.2022+,120,,,8 770.93,-,47 339.32,4d7(a 4P)5s,a 5P,3,4d<sup>7</sup>(a <sup>4</sup>F)6p?,s 3D°,3,,,https://physics.nist.gov/cgi-bin/ASBib1/get_ASBib_ref.cgi?db=el&amp;db_id=3475&amp;comment_code=&amp;element=Ru&amp;spectr_charge=1&amp;ref=3475&amp;type=
259.370,259.3694+,100,,,12 816.69,-,51 360.21,4d7(a 2G)5s,a 3G,4,,61°,4,,,https://physics.nist.gov/cgi-bin/ASBib1/get_ASBib_ref.cgi?db=el&amp;db_id=3475&amp;comment_code=&amp;element=Ru&amp;spectr_charge=1&amp;ref=3475&amp;type=
259.485,259.4849+,110,,,6 545.03,-,45 071.40,4d7(a 4F)5s,a 3F,4,4d<sup>6</sup>5s(a <sup>4</sup>D)5p,w 5D°,3,,,https://physics.nist.gov/cgi-bin/ASBib1/get_ASBib_ref.cgi?db=el&amp;db_id=3475&amp;comment_code=&amp;element=Ru&amp;spectr_charge=1&amp;ref=3475&amp;type=
260.906,260.9065+,370,,,8 084.12,-,46 400.58,4d7(a 4F)5s,a 3F,3,,13°,4,,,https://physics.nist.gov/cgi-bin/ASBib1/get_ASBib_ref.cgi?db=el&amp;db_id=3475&amp;comment_code=&amp;element=Ru&amp;spectr_charge=1&amp;ref=3475&amp;type=
261.207,261.2064+,830,,,7 483.07,-,45 755.55,4d65s2,a 5D,4,4d<sup>7</sup>(a <sup>4</sup>F)6p?,w 3F°,4,,,https://physics.nist.gov/cgi-bin/ASBib1/get_ASBib_ref.cgi?db=el&amp;db_id=3475&amp;comment_code=&amp;element=Ru&amp;spectr_charge=1&amp;ref=3475&amp;type=
261.509,261.5091+,100,,,8 575.42,-,46 803.60,4d65s2,a 5D,3,4d<sup>6</sup>5s(b <sup>4</sup>P)5p,x 5P°,2,,,https://physics.nist.gov/cgi-bin/ASBib1/get_ASBib_ref.cgi?db=el&amp;db_id=3475&amp;comment_code=&amp;element=Ru&amp;spectr_charge=1&amp;ref=3475&amp;type=
263.130,263.1300+,220,,,7 483.07,-,45 475.77,4d65s2,a 5D,4,,6°,3,,,https://physics.nist.gov/cgi-bin/ASBib1/get_ASBib_ref.cgi?db=el&amp;db_id=3475&amp;comment_code=&amp;element=Ru&amp;spectr_charge=1&amp;ref=3475&amp;type=
263.586,263.5856+,220,,,9 620.29,-,47 547.33,4d7(a 4P)5s,a 5P,1,4d<sup>7</sup>(a <sup>4</sup>F)6p?,s 3D°,2,,,https://physics.nist.gov/cgi-bin/ASBib1/get_ASBib_ref.cgi?db=el&amp;db_id=3475&amp;comment_code=&amp;element=Ru&amp;spectr_charge=1&amp;ref=3475&amp;type=
263.667,263.6668+,170,,,12 207.05,-,50 122.41,4d7(a 2G)5s,a 3G,5,,v 3G°,5,,,https://physics.nist.gov/cgi-bin/ASBib1/get_ASBib_ref.cgi?db=el&amp;db_id=3475&amp;comment_code=&amp;element=Ru&amp;spectr_charge=1&amp;ref=3475&amp;type=
264.033,264.0322+,110,,,9 183.66,-,47 046.54,4d7(a 4F)5s,a 3F,2,,16°,3,,,https://physics.nist.gov/cgi-bin/ASBib1/get_ASBib_ref.cgi?db=el&amp;db_id=3475&amp;comment_code=&amp;element=Ru&amp;spectr_charge=1&amp;ref=3475&amp;type=
264.296,264.2956+,460,,,8 575.42,-,46 400.58,4d65s2,a 5D,3,,13°,4,,,https://physics.nist.gov/cgi-bin/ASBib1/get_ASBib_ref.cgi?db=el&amp;db_id=3475&amp;comment_code=&amp;element=Ru&amp;spectr_charge=1&amp;ref=3475&amp;type=
264.732,264.7312+,110,,,9 183.66,-,46 946.58,4d7(a 4F)5s,a 3F,2,4d<sup>7</sup>(a <sup>4</sup>F)6p?,w 3F°,3,,,https://physics.nist.gov/cgi-bin/ASBib1/get_ASBib_ref.cgi?db=el&amp;db_id=3475&amp;comment_code=&amp;element=Ru&amp;spectr_charge=1&amp;ref=3475&amp;type=
265.129,265.1288+,110,,,8 084.12,-,45 790.41,4d7(a 4F)5s,a 3F,3,4d<sup>6</sup>5s(a <sup>4</sup>D)5p,w 5D°,2,,,https://physics.nist.gov/cgi-bin/ASBib1/get_ASBib_ref.cgi?db=el&amp;db_id=3475&amp;comment_code=&amp;element=Ru&amp;spectr_charge=1&amp;ref=3475&amp;type=
265.184,265.1839+,330,,,6 545.03,-,44 243.49,4d7(a 4F)5s,a 3F,4,4d<sup>6</sup>5s(a <sup>4</sup>D)5p,w 5D°,4,,,https://physics.nist.gov/cgi-bin/ASBib1/get_ASBib_ref.cgi?db=el&amp;db_id=3475&amp;comment_code=&amp;element=Ru&amp;spectr_charge=1&amp;ref=3475&amp;type=
265.962,265.9609+,400,,,7 483.07,-,45 071.40,4d65s2,a 5D,4,4d<sup>6</sup>5s(a <sup>4</sup>D)5p,w 5D°,3,,,https://physics.nist.gov/cgi-bin/ASBib1/get_ASBib_ref.cgi?db=el&amp;db_id=3475&amp;comment_code=&amp;element=Ru&amp;spectr_charge=1&amp;ref=3475&amp;type=
266.476,266.4757+,200,,,1 190.64,-,38 706.36,4d7(a 4F)5s,a 5F,4,4d<sup>7</sup>(a <sup>4</sup>P)5p,y 5P°,3,,,https://physics.nist.gov/cgi-bin/ASBib1/get_ASBib_ref.cgi?db=el&amp;db_id=3475&amp;comment_code=&amp;element=Ru&amp;spectr_charge=1&amp;ref=3475&amp;type=
268.629,268.6292+,220,,,8 575.42,-,45 790.41,4d65s2,a 5D,3,4d<sup>6</sup>5s(a <sup>4</sup>D)5p,w 5D°,2,,,https://physics.nist.gov/cgi-bin/ASBib1/get_ASBib_ref.cgi?db=el&amp;db_id=3475&amp;comment_code=&amp;element=Ru&amp;spectr_charge=1&amp;ref=3475&amp;type=
270.134,270.1336+,110,,,9 183.66,-,46 191.40,4d7(a 4F)5s,a 3F,2,4d<sup>6</sup>5s(a <sup>4</sup>D)5p,w 5D°,1,,,https://physics.nist.gov/cgi-bin/ASBib1/get_ASBib_ref.cgi?db=el&amp;db_id=3475&amp;comment_code=&amp;element=Ru&amp;spectr_charge=1&amp;ref=3475&amp;type=
270.283,270.2830+,110,,,8 084.12,-,45 071.40,4d7(a 4F)5s,a 3F,3,4d<sup>6</sup>5s(a <sup>4</sup>D)5p,w 5D°,3,,,https://physics.nist.gov/cgi-bin/ASBib1/get_ASBib_ref.cgi?db=el&amp;db_id=3475&amp;comment_code=&amp;element=Ru&amp;spectr_charge=1&amp;ref=3475&amp;type=
270.920,270.9198+,170,,,8 575.42,-,45 475.77,4d65s2,a 5D,3,,6°,3,,,https://physics.nist.gov/cgi-bin/ASBib1/get_ASBib_ref.cgi?db=el&amp;db_id=3475&amp;comment_code=&amp;element=Ru&amp;spectr_charge=1&amp;ref=3475&amp;type=
271.952,271.9511+,690,,,7 483.07,-,44 243.49,4d65s2,a 5D,4,4d<sup>6</sup>5s(a <sup>4</sup>D)5p,w 5D°,4,,,https://physics.nist.gov/cgi-bin/ASBib1/get_ASBib_ref.cgi?db=el&amp;db_id=3475&amp;comment_code=&amp;element=Ru&amp;spectr_charge=1&amp;ref=3475&amp;type=
272.265,272.2696+,130,,,9 072.98,-,45 790.41,4d65s2,a 5D,1,4d<sup>6</sup>5s(a <sup>4</sup>D)5p,w 5D°,2,,,https://physics.nist.gov/cgi-bin/ASBib1/get_ASBib_ref.cgi?db=el&amp;db_id=3475&amp;comment_code=&amp;element=Ru&amp;spectr_charge=1&amp;ref=3475&amp;type=
273.572,273.5721+,1800,,,0.00,-,36 542.62,4d7(a 4F)5s,a 5F,5,4d<sup>7</sup>(a <sup>4</sup>P)5p,x 5D°,4,,,https://physics.nist.gov/cgi-bin/ASBib1/get_ASBib_ref.cgi?db=el&amp;db_id=3475&amp;comment_code=&amp;element=Ru&amp;spectr_charge=1&amp;ref=3475&amp;type=
273.922,273.9217+,170,,,8 575.42,-,45 071.40,4d65s2,a 5D,3,4d<sup>6</sup>5s(a <sup>4</sup>D)5p,w 5D°,3,,,https://physics.nist.gov/cgi-bin/ASBib1/get_ASBib_ref.cgi?db=el&amp;db_id=3475&amp;comment_code=&amp;element=Ru&amp;spectr_charge=1&amp;ref=3475&amp;type=
274.445,274.4447+,130,,,8 770.93,-,45 197.37,4d7(a 4P)5s,a 5P,3,4d<sup>6</sup>5s(b <sup>4</sup>P)5p,y 5S°,2,,,https://physics.nist.gov/cgi-bin/ASBib1/get_ASBib_ref.cgi?db=el&amp;db_id=3475&amp;comment_code=&amp;element=Ru&amp;spectr_charge=1&amp;ref=3475&amp;type=
276.342,276.3418+,260,,,1 190.64,-,37 367.02,4d7(a 4F)5s,a 5F,4,4d<sup>7</sup>(a <sup>4</sup>P)5p,x 5D°,3,,,https://physics.nist.gov/cgi-bin/ASBib1/get_ASBib_ref.cgi?db=el&amp;db_id=3475&amp;comment_code=&amp;element=Ru&amp;spectr_charge=1&amp;ref=3475&amp;type=
280.281,280.2802+,140,,,8 575.42,-,44 243.49,4d65s2,a 5D,3,4d<sup>6</sup>5s(a <sup>4</sup>D)5p,w 5D°,4,,,https://physics.nist.gov/cgi-bin/ASBib1/get_ASBib_ref.cgi?db=el&amp;db_id=3475&amp;comment_code=&amp;element=Ru&amp;spectr_charge=1&amp;ref=3475&amp;type=
281.003,281.0031+,350,,,2 091.54,-,37 667.86,4d7(a 4F)5s,a 5F,3,4d<sup>7</sup>(a <sup>4</sup>P)5p,x 5D°,2,,,https://physics.nist.gov/cgi-bin/ASBib1/get_ASBib_ref.cgi?db=el&amp;db_id=3475&amp;comment_code=&amp;element=Ru&amp;spectr_charge=1&amp;ref=3475&amp;type=
281.055,281.0554+,1700,,,1 190.64,-,36 760.34,4d7(a 4F)5s,a 5F,4,4d<sup>7</sup>(a <sup>4</sup>P)5p,y 3D°,3,,,https://physics.nist.gov/cgi-bin/ASBib1/get_ASBib_ref.cgi?db=el&amp;db_id=3475&amp;comment_code=&amp;element=Ru&amp;spectr_charge=1&amp;ref=3475&amp;type=
281.836,281.8363+,350,,,0.00,-,35 471.15,4d7(a 4F)5s,a 5F,5,4d<sup>6</sup>5s(a <sup>6</sup>D)5p,y 5F°,4,,,https://physics.nist.gov/cgi-bin/ASBib1/get_ASBib_ref.cgi?db=el&amp;db_id=3475&amp;comment_code=&amp;element=Ru&amp;spectr_charge=1&amp;ref=3475&amp;type=
282.203,282.2031+,110,,,8 084.12,-,43 509.17,4d7(a 4F)5s,a 3F,3,,u 3D°,2,,,https://physics.nist.gov/cgi-bin/ASBib1/get_ASBib_ref.cgi?db=el&amp;db_id=3475&amp;comment_code=&amp;element=Ru&amp;spectr_charge=1&amp;ref=3475&amp;type=
282.787,282.7864+,200,,,1 190.64,-,36 542.62,4d7(a 4F)5s,a 5F,4,4d<sup>7</sup>(a <sup>4</sup>P)5p,x 5D°,4,,,https://physics.nist.gov/cgi-bin/ASBib1/get_ASBib_ref.cgi?db=el&amp;db_id=3475&amp;comment_code=&amp;element=Ru&amp;spectr_charge=1&amp;ref=3475&amp;type=
282.916,282.9157+,400,,,6 545.03,-,41 880.85,4d7(a 4F)5s,a 3F,4,,v 3D°,3,,,https://physics.nist.gov/cgi-bin/ASBib1/get_ASBib_ref.cgi?db=el&amp;db_id=3475&amp;comment_code=&amp;element=Ru&amp;spectr_charge=1&amp;ref=3475&amp;type=
283.400,283.3997+,130,,,2 091.54,-,37 367.02,4d7(a 4F)5s,a 5F,3,4d<sup>7</sup>(a <sup>4</sup>P)5p,x 5D°,3,,,https://physics.nist.gov/cgi-bin/ASBib1/get_ASBib_ref.cgi?db=el&amp;db_id=3475&amp;comment_code=&amp;element=Ru&amp;spectr_charge=1&amp;ref=3475&amp;type=
284.054,284.0536+,150,,,6 545.03,-,41 739.30,4d7(a 4F)5s,a 3F,4,4d<sup>7</sup>(a <sup>2</sup>H)5p,x 3G°,5,,,https://physics.nist.gov/cgi-bin/ASBib1/get_ASBib_ref.cgi?db=el&amp;db_id=3475&amp;comment_code=&amp;element=Ru&amp;spectr_charge=1&amp;ref=3475&amp;type=
285.407,285.4073+,640,,,2 091.54,-,37 118.90,4d7(a 4F)5s,a 5F,3,4d<sup>7</sup>(a <sup>4</sup>P)5p,z 3P°,2,,,https://physics.nist.gov/cgi-bin/ASBib1/get_ASBib_ref.cgi?db=el&amp;db_id=3475&amp;comment_code=&amp;element=Ru&amp;spectr_charge=1&amp;ref=3475&amp;type=
286.002,286.0012+,180,,,2 713.24,-,37 667.86,4d7(a 4F)5s,a 5F,2,4d<sup>7</sup>(a <sup>4</sup>P)5p,x 5D°,2,,,https://physics.nist.gov/cgi-bin/ASBib1/get_ASBib_ref.cgi?db=el&amp;db_id=3475&amp;comment_code=&amp;element=Ru&amp;spectr_charge=1&amp;ref=3475&amp;type=
286.141,286.1403+,420,,,6 545.03,-,41 482.66,4d7(a 4F)5s,a 3F,4,4d<sup>7</sup>(a <sup>2</sup>D)5p,w 3D°,3,,,https://physics.nist.gov/cgi-bin/ASBib1/get_ASBib_ref.cgi?db=el&amp;db_id=3475&amp;comment_code=&amp;element=Ru&amp;spectr_charge=1&amp;ref=3475&amp;type=
286.664,286.6646+,550,,,2 091.54,-,36 965.28,4d7(a 4F)5s,a 5F,3,4d<sup>7</sup>(a <sup>4</sup>P)5p,y 3D°,2,,,https://physics.nist.gov/cgi-bin/ASBib1/get_ASBib_ref.cgi?db=el&amp;db_id=3475&amp;comment_code=&amp;element=Ru&amp;spectr_charge=1&amp;ref=3475&amp;type=
286.831,286.8307+,110,,,8 043.69,-,42 897.23,4d7(a 4P)5s,a 5P,2,,v 3D°,2,,,https://physics.nist.gov/cgi-bin/ASBib1/get_ASBib_ref.cgi?db=el&amp;db_id=3475&amp;comment_code=&amp;element=Ru&amp;spectr_charge=1&amp;ref=3475&amp;type=
287.498,287.4988+,1800,,,0.00,-,34 772.55,4d7(a 4F)5s,a 5F,5,4d<sup>6</sup>5s(a <sup>6</sup>D)5p,y 5F°,5,,,https://physics.nist.gov/cgi-bin/ASBib1/get_ASBib_ref.cgi?db=el&amp;db_id=3475&amp;comment_code=&amp;element=Ru&amp;spectr_charge=1&amp;ref=3475&amp;type=
287.976,287.9754+,220,,,6 545.03,-,41 260.04,4d7(a 4F)5s,a 3F,4,4d<sup>7</sup>(a <sup>2</sup>D)5p,x 3F°,3,,,https://physics.nist.gov/cgi-bin/ASBib1/get_ASBib_ref.cgi?db=el&amp;db_id=3475&amp;comment_code=&amp;element=Ru&amp;spectr_charge=1&amp;ref=3475&amp;type=
288.360,288.3592+,130,,,2 091.54,-,36 760.34,4d7(a 4F)5s,a 5F,3,4d<sup>7</sup>(a <sup>4</sup>P)5p,y 3D°,3,,,https://physics.nist.gov/cgi-bin/ASBib1/get_ASBib_ref.cgi?db=el&amp;db_id=3475&amp;comment_code=&amp;element=Ru&amp;spectr_charge=1&amp;ref=3475&amp;type=
288.654,288.6531+,740,,,2 713.24,-,37 346.74,4d7(a 4F)5s,a 5F,2,4d<sup>7</sup>(a <sup>4</sup>P)5p,z 3P°,1,,,https://physics.nist.gov/cgi-bin/ASBib1/get_ASBib_ref.cgi?db=el&amp;db_id=3475&amp;comment_code=&amp;element=Ru&amp;spectr_charge=1&amp;ref=3475&amp;type=
289.2556,,180,,,,,,,,,,,,,,https://physics.nist.gov/cgi-bin/ASBib1/get_ASBib_ref.cgi?db=el&amp;db_id=16319&amp;comment_code=&amp;element=Ru&amp;spectr_charge=1&amp;ref=16319&amp;type=
290.194,290.1933+,110,,,8 084.12,-,42 533.81,4d7(a 4F)5s,a 3F,3,4d<sup>7</sup>(a <sup>2</sup>D)5p,w 3D°,2,,,https://physics.nist.gov/cgi-bin/ASBib1/get_ASBib_ref.cgi?db=el&amp;db_id=3475&amp;comment_code=&amp;element=Ru&amp;spectr_charge=1&amp;ref=3475&amp;type=
290.565,290.5647+,140,,,2 713.24,-,37 118.90,4d7(a 4F)5s,a 5F,2,4d<sup>7</sup>(a <sup>4</sup>P)5p,z 3P°,2,,,https://physics.nist.gov/cgi-bin/ASBib1/get_ASBib_ref.cgi?db=el&amp;db_id=3475&amp;comment_code=&amp;element=Ru&amp;spectr_charge=1&amp;ref=3475&amp;type=
290.888,290.8883+,370,,,3 105.49,-,37 472.88,4d7(a 4F)5s,a 5F,1,4d<sup>7</sup>(a <sup>4</sup>P)5p,z 3P°,0,,,https://physics.nist.gov/cgi-bin/ASBib1/get_ASBib_ref.cgi?db=el&amp;db_id=3475&amp;comment_code=&amp;element=Ru&amp;spectr_charge=1&amp;ref=3475&amp;type=
291.626,291.6256+,1100,,,1 190.64,-,35 471.15,4d7(a 4F)5s,a 5F,4,4d<sup>6</sup>5s(a <sup>6</sup>D)5p,y 5F°,4,,,https://physics.nist.gov/cgi-bin/ASBib1/get_ASBib_ref.cgi?db=el&amp;db_id=3475&amp;comment_code=&amp;element=Ru&amp;spectr_charge=1&amp;ref=3475&amp;type=
291.961,291.9599+,150,,,3 105.49,-,37 346.74,4d7(a 4F)5s,a 5F,1,4d<sup>7</sup>(a <sup>4</sup>P)5p,z 3P°,1,,,https://physics.nist.gov/cgi-bin/ASBib1/get_ASBib_ref.cgi?db=el&amp;db_id=3475&amp;comment_code=&amp;element=Ru&amp;spectr_charge=1&amp;ref=3475&amp;type=
294.699,294.6979+,180,,,8 084.12,-,42 007.26,4d7(a 4F)5s,a 3F,3,4d<sup>7</sup>(a <sup>2</sup>P)5p,x 3D°,2,,,https://physics.nist.gov/cgi-bin/ASBib1/get_ASBib_ref.cgi?db=el&amp;db_id=3475&amp;comment_code=&amp;element=Ru&amp;spectr_charge=1&amp;ref=3475&amp;type=
294.950,294.9493+,370,,,6 545.03,-,40 439.25,4d7(a 4F)5s,a 3F,4,,1°(3F°),4,,,https://physics.nist.gov/cgi-bin/ASBib1/get_ASBib_ref.cgi?db=el&amp;db_id=3475&amp;comment_code=&amp;element=Ru&amp;spectr_charge=1&amp;ref=3475&amp;type=
295.449,295.4467+,150,,,8 043.69,-,41 880.85,4d7(a 4P)5s,a 5P,2,,v 3D°,3,,,https://physics.nist.gov/cgi-bin/ASBib1/get_ASBib_ref.cgi?db=el&amp;db_id=3475&amp;comment_code=&amp;element=Ru&amp;spectr_charge=1&amp;ref=3475&amp;type=
296.516,296.5166+,550,,,2 091.54,-,35 806.62,4d7(a 4F)5s,a 5F,3,4d<sup>6</sup>5s(a <sup>6</sup>D)5p,y 5F°,3,,,https://physics.nist.gov/cgi-bin/ASBib1/get_ASBib_ref.cgi?db=el&amp;db_id=3475&amp;comment_code=&amp;element=Ru&amp;spectr_charge=1&amp;ref=3475&amp;type=
297.692,297.6925+,550,,,1 190.64,-,34 772.55,4d7(a 4F)5s,a 5F,4,4d<sup>6</sup>5s(a <sup>6</sup>D)5p,y 5F°,5,,,https://physics.nist.gov/cgi-bin/ASBib1/get_ASBib_ref.cgi?db=el&amp;db_id=3475&amp;comment_code=&amp;element=Ru&amp;spectr_charge=1&amp;ref=3475&amp;type=
298.895,298.8947+,1400,,,0.00,-,33 446.84,4d7(a 4F)5s,a 5F,5,4d<sup>6</sup>5s(a <sup>6</sup>D)5p,y 5D°,4,,,https://physics.nist.gov/cgi-bin/ASBib1/get_ASBib_ref.cgi?db=el&amp;db_id=3475&amp;comment_code=&amp;element=Ru&amp;spectr_charge=1&amp;ref=3475&amp;type=
299.327,299.3270+,110,,,8 084.12,-,41 482.66,4d7(a 4F)5s,a 3F,3,4d<sup>7</sup>(a <sup>2</sup>D)5p,w 3D°,3,,,https://physics.nist.gov/cgi-bin/ASBib1/get_ASBib_ref.cgi?db=el&amp;db_id=3475&amp;comment_code=&amp;element=Ru&amp;spectr_charge=1&amp;ref=3475&amp;type=
299.496,299.4967+,460,,,2 091.54,-,35 471.15,4d7(a 4F)5s,a 5F,3,4d<sup>6</sup>5s(a <sup>6</sup>D)5p,y 5F°,4,,,https://physics.nist.gov/cgi-bin/ASBib1/get_ASBib_ref.cgi?db=el&amp;db_id=3475&amp;comment_code=&amp;element=Ru&amp;spectr_charge=1&amp;ref=3475&amp;type=
300.659,300.6586+,440,,,2 713.24,-,35 963.87,4d7(a 4F)5s,a 5F,2,4d<sup>6</sup>5s(a <sup>6</sup>D)5p,y 5F°,2,,,https://physics.nist.gov/cgi-bin/ASBib1/get_ASBib_ref.cgi?db=el&amp;db_id=3475&amp;comment_code=&amp;element=Ru&amp;spectr_charge=1&amp;ref=3475&amp;type=
301.724,301.7235+,330,,,3 105.49,-,36 238.77,4d7(a 4F)5s,a 5F,1,4d<sup>6</sup>5s(a <sup>6</sup>D)5p,y 5F°,1,,,https://physics.nist.gov/cgi-bin/ASBib1/get_ASBib_ref.cgi?db=el&amp;db_id=3475&amp;comment_code=&amp;element=Ru&amp;spectr_charge=1&amp;ref=3475&amp;type=
302.088,302.0873+,310,,,2 713.24,-,35 806.62,4d7(a 4F)5s,a 5F,2,4d<sup>6</sup>5s(a <sup>6</sup>D)5p,y 5F°,3,,,https://physics.nist.gov/cgi-bin/ASBib1/get_ASBib_ref.cgi?db=el&amp;db_id=3475&amp;comment_code=&amp;element=Ru&amp;spectr_charge=1&amp;ref=3475&amp;type=
303.345,303.3449+,240,,,7 483.07,-,40 439.25,4d65s2,a 5D,4,,1°(3F°),4,,,https://physics.nist.gov/cgi-bin/ASBib1/get_ASBib_ref.cgi?db=el&amp;db_id=3475&amp;comment_code=&amp;element=Ru&amp;spectr_charge=1&amp;ref=3475&amp;type=
304.031,304.0314+,200,,,1 190.64,-,34 072.41,4d7(a 4F)5s,a 5F,4,4d<sup>6</sup>5s(a <sup>6</sup>D)5p,z 5P°,3,,,https://physics.nist.gov/cgi-bin/ASBib1/get_ASBib_ref.cgi?db=el&amp;db_id=3475&amp;comment_code=&amp;element=Ru&amp;spectr_charge=1&amp;ref=3475&amp;type=
304.248,304.2478+,220,,,3 105.49,-,35 963.87,4d7(a 4F)5s,a 5F,1,4d<sup>6</sup>5s(a <sup>6</sup>D)5p,y 5F°,2,,,https://physics.nist.gov/cgi-bin/ASBib1/get_ASBib_ref.cgi?db=el&amp;db_id=3475&amp;comment_code=&amp;element=Ru&amp;spectr_charge=1&amp;ref=3475&amp;type=
304.571,304.5702+,110,,,9 183.66,-,42 007.26,4d7(a 4F)5s,a 3F,2,4d<sup>7</sup>(a <sup>2</sup>P)5p,x 3D°,2,,,https://physics.nist.gov/cgi-bin/ASBib1/get_ASBib_ref.cgi?db=el&amp;db_id=3475&amp;comment_code=&amp;element=Ru&amp;spectr_charge=1&amp;ref=3475&amp;type=
304.878,304.8788+,110,,,2 091.54,-,34 881.92,4d7(a 4F)5s,a 5F,3,4d<sup>6</sup>5s(a <sup>6</sup>D)5p,z 5P°,2,,,https://physics.nist.gov/cgi-bin/ASBib1/get_ASBib_ref.cgi?db=el&amp;db_id=3475&amp;comment_code=&amp;element=Ru&amp;spectr_charge=1&amp;ref=3475&amp;type=
305.494,305.4930+,150,,,8 043.69,-,40 768.15,4d7(a 4P)5s,a 5P,2,4d<sup>7</sup>(a <sup>2</sup>P)5p,x 3D°,3,,,https://physics.nist.gov/cgi-bin/ASBib1/get_ASBib_ref.cgi?db=el&amp;db_id=3475&amp;comment_code=&amp;element=Ru&amp;spectr_charge=1&amp;ref=3475&amp;type=
306.484,306.4838+,390,,,9 120.63,-,41 739.30,4d8,b 3F,4,4d<sup>7</sup>(a <sup>2</sup>H)5p,x 3G°,5,,,https://physics.nist.gov/cgi-bin/ASBib1/get_ASBib_ref.cgi?db=el&amp;db_id=3475&amp;comment_code=&amp;element=Ru&amp;spectr_charge=1&amp;ref=3475&amp;type=
308.914,308.9144+,170,,,9 120.63,-,41 482.66,4d8,b 3F,4,4d<sup>7</sup>(a <sup>2</sup>D)5p,w 3D°,3,,,https://physics.nist.gov/cgi-bin/ASBib1/get_ASBib_ref.cgi?db=el&amp;db_id=3475&amp;comment_code=&amp;element=Ru&amp;spectr_charge=1&amp;ref=3475&amp;type=
308.980,308.9803+,120,,,8 084.12,-,40 439.25,4d7(a 4F)5s,a 3F,3,,1°(3F°),4,,,https://physics.nist.gov/cgi-bin/ASBib1/get_ASBib_ref.cgi?db=el&amp;db_id=3475&amp;comment_code=&amp;element=Ru&amp;spectr_charge=1&amp;ref=3475&amp;type=
309.657,309.6563+,330,,,10 654.62,-,42 939.12,4d8,b 3F,3,4d<sup>7</sup>(a <sup>2</sup>H)5p,x 3G°,4,,,https://physics.nist.gov/cgi-bin/ASBib1/get_ASBib_ref.cgi?db=el&amp;db_id=3475&amp;comment_code=&amp;element=Ru&amp;spectr_charge=1&amp;ref=3475&amp;type=
309.760,309.7599+,120,,,10 623.53,-,42 897.23,4d7(a 2P)5s,a 3P,2,,v 3D°,2,,,https://physics.nist.gov/cgi-bin/ASBib1/get_ASBib_ref.cgi?db=el&amp;db_id=3475&amp;comment_code=&amp;element=Ru&amp;spectr_charge=1&amp;ref=3475&amp;type=
309.928,309.9280+,830,,,1 190.64,-,33 446.84,4d7(a 4F)5s,a 5F,4,4d<sup>6</sup>5s(a <sup>6</sup>D)5p,y 5D°,4,,,https://physics.nist.gov/cgi-bin/ASBib1/get_ASBib_ref.cgi?db=el&amp;db_id=3475&amp;comment_code=&amp;element=Ru&amp;spectr_charge=1&amp;ref=3475&amp;type=
310.084,310.0836+,740,,,1 190.64,-,33 430.65,4d7(a 4F)5s,a 5F,4,4d<sup>6</sup>5s(a <sup>6</sup>D)5p,y 5D°,3,,,https://physics.nist.gov/cgi-bin/ASBib1/get_ASBib_ref.cgi?db=el&amp;db_id=3475&amp;comment_code=&amp;element=Ru&amp;spectr_charge=1&amp;ref=3475&amp;type=
312.596,312.5963+,120,,,2 091.54,-,34 072.41,4d7(a 4F)5s,a 5F,3,4d<sup>6</sup>5s(a <sup>6</sup>D)5p,z 5P°,3,,,https://physics.nist.gov/cgi-bin/ASBib1/get_ASBib_ref.cgi?db=el&amp;db_id=3475&amp;comment_code=&amp;element=Ru&amp;spectr_charge=1&amp;ref=3475&amp;type=
315.382,315.3826+,120,,,8 043.69,-,39 742.03,4d7(a 4P)5s,a 5P,2,4d<sup>7</sup>(a <sup>2</sup>P)5p,y 3P°,2,,,https://physics.nist.gov/cgi-bin/ASBib1/get_ASBib_ref.cgi?db=el&amp;db_id=3475&amp;comment_code=&amp;element=Ru&amp;spectr_charge=1&amp;ref=3475&amp;type=
315.992,315.9929+,290,,,2 091.54,-,33 728.66,4d7(a 4F)5s,a 5F,3,4d<sup>6</sup>5s(a <sup>6</sup>D)5p,y 5D°,2,,,https://physics.nist.gov/cgi-bin/ASBib1/get_ASBib_ref.cgi?db=el&amp;db_id=3475&amp;comment_code=&amp;element=Ru&amp;spectr_charge=1&amp;ref=3475&amp;type=
316.852,316.8555+,200,,,11 447.31,-,42 998.31,4d8,b 3F,2,4d<sup>7</sup>(a <sup>2</sup>D)5p,y 1F°,3,,,https://physics.nist.gov/cgi-bin/ASBib1/get_ASBib_ref.cgi?db=el&amp;db_id=3475&amp;comment_code=&amp;element=Ru&amp;spectr_charge=1&amp;ref=3475&amp;type=
318.604,318.6043+,180,,,2 713.24,-,34 091.06,4d7(a 4F)5s,a 5F,2,4d<sup>6</sup>5s(a <sup>6</sup>D)5p,y 5D°,1,,,https://physics.nist.gov/cgi-bin/ASBib1/get_ASBib_ref.cgi?db=el&amp;db_id=3475&amp;comment_code=&amp;element=Ru&amp;spectr_charge=1&amp;ref=3475&amp;type=
318.834,318.8332+,240,,,2 091.54,-,33 446.84,4d7(a 4F)5s,a 5F,3,4d<sup>6</sup>5s(a <sup>6</sup>D)5p,y 5D°,4,,,https://physics.nist.gov/cgi-bin/ASBib1/get_ASBib_ref.cgi?db=el&amp;db_id=3475&amp;comment_code=&amp;element=Ru&amp;spectr_charge=1&amp;ref=3475&amp;type=
318.998,318.9979+,240,,,2 091.54,-,33 430.65,4d7(a 4F)5s,a 5F,3,4d<sup>6</sup>5s(a <sup>6</sup>D)5p,y 5D°,3,,,https://physics.nist.gov/cgi-bin/ASBib1/get_ASBib_ref.cgi?db=el&amp;db_id=3475&amp;comment_code=&amp;element=Ru&amp;spectr_charge=1&amp;ref=3475&amp;type=
319.659,319.6605+,180,,,3 105.49,-,34 379.64,4d7(a 4F)5s,a 5F,1,4d<sup>6</sup>5s(a <sup>6</sup>D)5p,y 5D°,0,,,https://physics.nist.gov/cgi-bin/ASBib1/get_ASBib_ref.cgi?db=el&amp;db_id=3475&amp;comment_code=&amp;element=Ru&amp;spectr_charge=1&amp;ref=3475&amp;type=
322.327,322.3272+,180,,,2 713.24,-,33 728.66,4d7(a 4F)5s,a 5F,2,4d<sup>6</sup>5s(a <sup>6</sup>D)5p,y 5D°,2,,,https://physics.nist.gov/cgi-bin/ASBib1/get_ASBib_ref.cgi?db=el&amp;db_id=3475&amp;comment_code=&amp;element=Ru&amp;spectr_charge=1&amp;ref=3475&amp;type=
322.637,322.6377+,110,,,3 105.49,-,34 091.06,4d7(a 4F)5s,a 5F,1,4d<sup>6</sup>5s(a <sup>6</sup>D)5p,y 5D°,1,,,https://physics.nist.gov/cgi-bin/ASBib1/get_ASBib_ref.cgi?db=el&amp;db_id=3475&amp;comment_code=&amp;element=Ru&amp;spectr_charge=1&amp;ref=3475&amp;type=
322.788,322.7885+,100,,,8 770.93,-,39 742.03,4d7(a 4P)5s,a 5P,3,4d<sup>7</sup>(a <sup>2</sup>P)5p,y 3P°,2,,,https://physics.nist.gov/cgi-bin/ASBib1/get_ASBib_ref.cgi?db=el&amp;db_id=3475&amp;comment_code=&amp;element=Ru&amp;spectr_charge=1&amp;ref=3475&amp;type=
322.8531,322.8528+,220,,,8 043.69,-,39 008.62,4d7(a 4P)5s,a 5P,2,4d<sup>7</sup>(a <sup>4</sup>P)5p,y 5P°,2,,,https://physics.nist.gov/cgi-bin/ASBib1/get_ASBib_ref.cgi?db=el&amp;db_id=16319&amp;comment_code=&amp;element=Ru&amp;spectr_charge=1&amp;ref=16319&amp;type=
323.853,323.8531+,220,,,15 054.07,-,45 923.36,4d7(a 2D)5s,a 3D,2,,t 3D°,2,,,https://physics.nist.gov/cgi-bin/ASBib1/get_ASBib_ref.cgi?db=el&amp;db_id=3475&amp;comment_code=&amp;element=Ru&amp;spectr_charge=1&amp;ref=3475&amp;type=
324.124,324.1233+,120,,,9 072.98,-,39 916.54,4d65s2,a 5D,1,4d<sup>7</sup>(a <sup>2</sup>P)5p,y 3P°,1,,,https://physics.nist.gov/cgi-bin/ASBib1/get_ASBib_ref.cgi?db=el&amp;db_id=3475&amp;comment_code=&amp;element=Ru&amp;spectr_charge=1&amp;ref=3475&amp;type=
324.350,324.3501+,120,,,6 545.03,-,37 367.02,4d7(a 4F)5s,a 3F,4,4d<sup>7</sup>(a <sup>4</sup>P)5p,x 5D°,3,,,https://physics.nist.gov/cgi-bin/ASBib1/get_ASBib_ref.cgi?db=el&amp;db_id=3475&amp;comment_code=&amp;element=Ru&amp;spectr_charge=1&amp;ref=3475&amp;type=
326.035,326.0398+,280,,,1 190.64,-,31 852.90,4d7(a 4F)5s,a 5F,4,4d<sup>7</sup>(a <sup>4</sup>F)5p,z 3G°,3,,,https://physics.nist.gov/cgi-bin/ASBib1/get_ASBib_ref.cgi?db=el&amp;db_id=3475&amp;comment_code=&amp;element=Ru&amp;spectr_charge=1&amp;ref=3475&amp;type=
326.455,326.4560+,120bl,,,3 105.49,-,33 728.66,4d7(a 4F)5s,a 5F,1,4d<sup>6</sup>5s(a <sup>6</sup>D)5p,y 5D°,2,,,https://physics.nist.gov/cgi-bin/ASBib1/get_ASBib_ref.cgi?db=el&amp;db_id=3475&amp;comment_code=&amp;element=Ru&amp;spectr_charge=1&amp;ref=3475&amp;type=
326.644,326.6453+,120,,,10 654.62,-,41 260.04,4d8,b 3F,3,4d<sup>7</sup>(a <sup>2</sup>D)5p,x 3F°,3,,,https://physics.nist.gov/cgi-bin/ASBib1/get_ASBib_ref.cgi?db=el&amp;db_id=3475&amp;comment_code=&amp;element=Ru&amp;spectr_charge=1&amp;ref=3475&amp;type=
326.821,326.8214+,200,,,13 645.75,-,44 234.68,4d7(a 4P)5s,b 3P,2,4d<sup>7</sup>(a <sup>2</sup>D)5p,x 3P°,2,,,https://physics.nist.gov/cgi-bin/ASBib1/get_ASBib_ref.cgi?db=el&amp;db_id=3475&amp;comment_code=&amp;element=Ru&amp;spectr_charge=1&amp;ref=3475&amp;type=
327.308,327.3081+,200,,,8 043.69,-,38 587.14,4d7(a 4P)5s,a 5P,2,4d<sup>7</sup>(a <sup>4</sup>P)5p,z 3S°,1,,,https://physics.nist.gov/cgi-bin/ASBib1/get_ASBib_ref.cgi?db=el&amp;db_id=3475&amp;comment_code=&amp;element=Ru&amp;spectr_charge=1&amp;ref=3475&amp;type=
327.471,327.4703+,200,,,10 654.62,-,41 182.94,4d8,b 3F,3,4d<sup>7</sup>(a <sup>2</sup>D)5p,x 3F°,2,,,https://physics.nist.gov/cgi-bin/ASBib1/get_ASBib_ref.cgi?db=el&amp;db_id=3475&amp;comment_code=&amp;element=Ru&amp;spectr_charge=1&amp;ref=3475&amp;type=
327.757,327.7566+,100,,,14 700.32,-,45 201.98,4d7(a 2G)5s,a 1G,4,4d<sup>7</sup>(a <sup>2</sup>F)5p?,x 1F°,3,,,https://physics.nist.gov/cgi-bin/ASBib1/get_ASBib_ref.cgi?db=el&amp;db_id=3475&amp;comment_code=&amp;element=Ru&amp;spectr_charge=1&amp;ref=3475&amp;type=
329.411,329.4112+,490,,,0.00,-,30 348.45,4d7(a 4F)5s,a 5F,5,4d<sup>7</sup>(a <sup>4</sup>F)5p,z 3F°,4,,,https://physics.nist.gov/cgi-bin/ASBib1/get_ASBib_ref.cgi?db=el&amp;db_id=3475&amp;comment_code=&amp;element=Ru&amp;spectr_charge=1&amp;ref=3475&amp;type=
330.159,330.1594+,370,,,0.00,-,30 279.68,4d7(a 4F)5s,a 5F,5,4d<sup>7</sup>(a <sup>4</sup>F)5p,z 5G°,5,,,https://physics.nist.gov/cgi-bin/ASBib1/get_ASBib_ref.cgi?db=el&amp;db_id=3475&amp;comment_code=&amp;element=Ru&amp;spectr_charge=1&amp;ref=3475&amp;type=
330.617,330.6179+,220,,,8 770.93,-,39 008.62,4d7(a 4P)5s,a 5P,3,4d<sup>7</sup>(a <sup>4</sup>P)5p,y 5P°,2,,,https://physics.nist.gov/cgi-bin/ASBib1/get_ASBib_ref.cgi?db=el&amp;db_id=3475&amp;comment_code=&amp;element=Ru&amp;spectr_charge=1&amp;ref=3475&amp;type=
331.523,331.5229+,290,,,1 190.64,-,31 345.79,4d7(a 4F)5s,a 5F,4,4d<sup>7</sup>(a <sup>4</sup>F)5p,z 5G°,4,,,https://physics.nist.gov/cgi-bin/ASBib1/get_ASBib_ref.cgi?db=el&amp;db_id=3475&amp;comment_code=&amp;element=Ru&amp;spectr_charge=1&amp;ref=3475&amp;type=
331.639,331.6387+,290,,,10 623.53,-,40 768.15,4d7(a 2P)5s,a 3P,2,4d<sup>7</sup>(a <sup>2</sup>P)5p,x 3D°,3,,,https://physics.nist.gov/cgi-bin/ASBib1/get_ASBib_ref.cgi?db=el&amp;db_id=3475&amp;comment_code=&amp;element=Ru&amp;spectr_charge=1&amp;ref=3475&amp;type=
332.500,332.5001+,100,,,3 105.49,-,33 172.02,4d7(a 4F)5s,a 5F,1,4d<sup>7</sup>(a <sup>4</sup>F)5p,z 3F°,2,,,https://physics.nist.gov/cgi-bin/ASBib1/get_ASBib_ref.cgi?db=el&amp;db_id=3475&amp;comment_code=&amp;element=Ru&amp;spectr_charge=1&amp;ref=3475&amp;type=
333.569,333.5700+,120,,,11 786.05,-,41 756.15,4d7(a 2P)5s,a 3P,1,4d<sup>7</sup>(a <sup>2</sup>D)5p,z 1D°,2,,,https://physics.nist.gov/cgi-bin/ASBib1/get_ASBib_ref.cgi?db=el&amp;db_id=3475&amp;comment_code=&amp;element=Ru&amp;spectr_charge=1&amp;ref=3475&amp;type=
333.955,333.9563+,930,,,8 770.93,-,38 706.36,4d7(a 4P)5s,a 5P,3,4d<sup>7</sup>(a <sup>4</sup>P)5p,y 5P°,3,,,https://physics.nist.gov/cgi-bin/ASBib1/get_ASBib_ref.cgi?db=el&amp;db_id=3475&amp;comment_code=&amp;element=Ru&amp;spectr_charge=1&amp;ref=3475&amp;type=
334.166,334.1671+,240,,,9 120.63,-,39 037.18,4d8,b 3F,4,4d<sup>7</sup>(a <sup>2</sup>G)5p,z 1G°,4,,,https://physics.nist.gov/cgi-bin/ASBib1/get_ASBib_ref.cgi?db=el&amp;db_id=3475&amp;comment_code=&amp;element=Ru&amp;spectr_charge=1&amp;ref=3475&amp;type=
336.115,336.1140+,200,,,17 045.97,-,46 789.23,4d7(a 2D)5s,a 1D,2,,15°,1,,,https://physics.nist.gov/cgi-bin/ASBib1/get_ASBib_ref.cgi?db=el&amp;db_id=3475&amp;comment_code=&amp;element=Ru&amp;spectr_charge=1&amp;ref=3475&amp;type=
336.845,336.8451+,370,,,2 713.24,-,32 391.95,4d7(a 4F)5s,a 5F,2,4d<sup>7</sup>(a <sup>4</sup>F)5p,z 3F°,3,,,https://physics.nist.gov/cgi-bin/ASBib1/get_ASBib_ref.cgi?db=el&amp;db_id=3475&amp;comment_code=&amp;element=Ru&amp;spectr_charge=1&amp;ref=3475&amp;type=
337.186,337.1858+,100,,,9 057.64,-,38 706.36,4d65s2,a 5D,2,4d<sup>7</sup>(a <sup>4</sup>P)5p,y 5P°,3,,,https://physics.nist.gov/cgi-bin/ASBib1/get_ASBib_ref.cgi?db=el&amp;db_id=3475&amp;comment_code=&amp;element=Ru&amp;spectr_charge=1&amp;ref=3475&amp;type=
337.465,337.4653+,130,,,8 043.69,-,37 667.86,4d7(a 4P)5s,a 5P,2,4d<sup>7</sup>(a <sup>4</sup>P)5p,x 5D°,2,,,https://physics.nist.gov/cgi-bin/ASBib1/get_ASBib_ref.cgi?db=el&amp;db_id=3475&amp;comment_code=&amp;element=Ru&amp;spectr_charge=1&amp;ref=3475&amp;type=
337.802,337.8029+,120,,,0.00,-,29 594.56,4d7(a 4F)5s,a 5F,5,4d<sup>6</sup>5s(a <sup>6</sup>D)5p,z 7F°,4,,,https://physics.nist.gov/cgi-bin/ASBib1/get_ASBib_ref.cgi?db=el&amp;db_id=3475&amp;comment_code=&amp;element=Ru&amp;spectr_charge=1&amp;ref=3475&amp;type=
337.960,337.9604+,100,,,10 654.62,-,40 235.39,4d8,b 3F,3,4d<sup>7</sup>(a <sup>2</sup>G)5p,y 3G°,3,,,https://physics.nist.gov/cgi-bin/ASBib1/get_ASBib_ref.cgi?db=el&amp;db_id=3475&amp;comment_code=&amp;element=Ru&amp;spectr_charge=1&amp;ref=3475&amp;type=
338.018,338.0169+,130,,,8 043.69,-,37 619.52,4d7(a 4P)5s,a 5P,2,4d<sup>7</sup>(a <sup>4</sup>P)5p,y 3D°,1,,,https://physics.nist.gov/cgi-bin/ASBib1/get_ASBib_ref.cgi?db=el&amp;db_id=3475&amp;comment_code=&amp;element=Ru&amp;spectr_charge=1&amp;ref=3475&amp;type=
338.514,338.5157+,130,,,12 207.05,-,41 739.30,4d7(a 2G)5s,a 3G,5,4d<sup>7</sup>(a <sup>2</sup>H)5p,x 3G°,5,,,https://physics.nist.gov/cgi-bin/ASBib1/get_ASBib_ref.cgi?db=el&amp;db_id=3475&amp;comment_code=&amp;element=Ru&amp;spectr_charge=1&amp;ref=3475&amp;type=
338.871,338.8704+,130,,,11 447.31,-,40 948.65,4d8,b 3F,2,4d<sup>7</sup>(a <sup>2</sup>G)5p,z 1F°,3,,,https://physics.nist.gov/cgi-bin/ASBib1/get_ASBib_ref.cgi?db=el&amp;db_id=3475&amp;comment_code=&amp;element=Ru&amp;spectr_charge=1&amp;ref=3475&amp;type=
338.950,338.9500+,100,,,2 713.24,-,32 207.65,4d7(a 4F)5s,a 5F,2,4d<sup>7</sup>(a <sup>4</sup>F)5p,z 3D°,2,,,https://physics.nist.gov/cgi-bin/ASBib1/get_ASBib_ref.cgi?db=el&amp;db_id=3475&amp;comment_code=&amp;element=Ru&amp;spectr_charge=1&amp;ref=3475&amp;type=
339.254,339.2533+,370,,,0.00,-,29 468.04,4d7(a 4F)5s,a 5F,5,4d<sup>6</sup>5s(a <sup>6</sup>D)5p,z 7F°,5,,,https://physics.nist.gov/cgi-bin/ASBib1/get_ASBib_ref.cgi?db=el&amp;db_id=3475&amp;comment_code=&amp;element=Ru&amp;spectr_charge=1&amp;ref=3475&amp;type=
340.174,340.1735+,310,,,9 620.29,-,39 008.62,4d7(a 4P)5s,a 5P,1,4d<sup>7</sup>(a <sup>4</sup>P)5p,y 5P°,2,,,https://physics.nist.gov/cgi-bin/ASBib1/get_ASBib_ref.cgi?db=el&amp;db_id=3475&amp;comment_code=&amp;element=Ru&amp;spectr_charge=1&amp;ref=3475&amp;type=
340.928,340.9276+,310,,,8 043.69,-,37 367.02,4d7(a 4P)5s,a 5P,2,4d<sup>7</sup>(a <sup>4</sup>P)5p,x 5D°,3,,,https://physics.nist.gov/cgi-bin/ASBib1/get_ASBib_ref.cgi?db=el&amp;db_id=3475&amp;comment_code=&amp;element=Ru&amp;spectr_charge=1&amp;ref=3475&amp;type=
341.735,341.7327+,3100,,,2 091.54,-,31 345.79,4d7(a 4F)5s,a 5F,3,4d<sup>7</sup>(a <sup>4</sup>F)5p,z 5G°,4,,,https://physics.nist.gov/cgi-bin/ASBib1/get_ASBib_ref.cgi?db=el&amp;db_id=3475&amp;comment_code=&amp;element=Ru&amp;spectr_charge=1&amp;ref=3475&amp;type=
342.831,342.8318+,4900,,,0.00,-,29 160.46,4d7(a 4F)5s,a 5F,5,4d<sup>6</sup>5s(a <sup>6</sup>D)5p,z 7F°,6,,,https://physics.nist.gov/cgi-bin/ASBib1/get_ASBib_ref.cgi?db=el&amp;db_id=3475&amp;comment_code=&amp;element=Ru&amp;spectr_charge=1&amp;ref=3475&amp;type=
343.077,343.0765+,490,,,2 713.24,-,31 852.90,4d7(a 4F)5s,a 5F,2,4d<sup>7</sup>(a <sup>4</sup>F)5p,z 3G°,3,,,https://physics.nist.gov/cgi-bin/ASBib1/get_ASBib_ref.cgi?db=el&amp;db_id=3475&amp;comment_code=&amp;element=Ru&amp;spectr_charge=1&amp;ref=3475&amp;type=
343.274,343.2758+,310,,,9 120.63,-,38 243.38,4d8,b 3F,4,4d<sup>7</sup>(a <sup>2</sup>G)5p,y 3F°,4,,,https://physics.nist.gov/cgi-bin/ASBib1/get_ASBib_ref.cgi?db=el&amp;db_id=3475&amp;comment_code=&amp;element=Ru&amp;spectr_charge=1&amp;ref=3475&amp;type=
343.674,343.6736+,6400,7.28e+07,,1 190.64,-,30 279.68,4d7(a 4F)5s,a 5F,4,4d<sup>7</sup>(a <sup>4</sup>F)5p,z 5G°,5,,https://physics.nist.gov/cgi-bin/ASBib1/get_ASBib_ref.cgi?db=tp&amp;db_id=6131&amp;comment_code=&amp;element=Ru&amp;spectr_charge=1&amp;ref=6131&amp;type=,https://physics.nist.gov/cgi-bin/ASBib1/get_ASBib_ref.cgi?db=el&amp;db_id=3475&amp;comment_code=&amp;element=Ru&amp;spectr_charge=1&amp;ref=3475&amp;type=
343.837,343.8371+,260,,,8 043.69,-,37 118.90,4d7(a 4P)5s,a 5P,2,4d<sup>7</sup>(a <sup>4</sup>P)5p,z 3P°,2,,,https://physics.nist.gov/cgi-bin/ASBib1/get_ASBib_ref.cgi?db=el&amp;db_id=3475&amp;comment_code=&amp;element=Ru&amp;spectr_charge=1&amp;ref=3475&amp;type=
344.020,344.0224+,220,,,7 483.07,-,36 542.62,4d65s2,a 5D,4,4d<sup>7</sup>(a <sup>4</sup>P)5p,x 5D°,4,,,https://physics.nist.gov/cgi-bin/ASBib1/get_ASBib_ref.cgi?db=el&amp;db_id=3475&amp;comment_code=&amp;element=Ru&amp;spectr_charge=1&amp;ref=3475&amp;type=
347.375,347.3752+,260,,,10 654.62,-,39 433.70,4d8,b 3F,3,4d<sup>7</sup>(a <sup>2</sup>G)5p,y 3F°,3,,,https://physics.nist.gov/cgi-bin/ASBib1/get_ASBib_ref.cgi?db=el&amp;db_id=3475&amp;comment_code=&amp;element=Ru&amp;spectr_charge=1&amp;ref=3475&amp;type=
348.130,348.1304+,240,,,8 043.69,-,36 760.34,4d7(a 4P)5s,a 5P,2,4d<sup>7</sup>(a <sup>4</sup>P)5p,y 3D°,3,,,https://physics.nist.gov/cgi-bin/ASBib1/get_ASBib_ref.cgi?db=el&amp;db_id=3475&amp;comment_code=&amp;element=Ru&amp;spectr_charge=1&amp;ref=3475&amp;type=
349.894,349.8942+,8300,8.61e+07,,0.00,-,28 571.89,4d7(a 4F)5s,a 5F,5,4d<sup>7</sup>(a <sup>4</sup>F)5p,z 5G°,6,,https://physics.nist.gov/cgi-bin/ASBib1/get_ASBib_ref.cgi?db=tp&amp;db_id=6131&amp;comment_code=&amp;element=Ru&amp;spectr_charge=1&amp;ref=6131&amp;type=,https://physics.nist.gov/cgi-bin/ASBib1/get_ASBib_ref.cgi?db=el&amp;db_id=3475&amp;comment_code=&amp;element=Ru&amp;spectr_charge=1&amp;ref=3475&amp;type=
351.449,351.4487+,640,,,2 091.54,-,30 537.06,4d7(a 4F)5s,a 5F,3,4d<sup>7</sup>(a <sup>4</sup>F)5p,z 5G°,3,,,https://physics.nist.gov/cgi-bin/ASBib1/get_ASBib_ref.cgi?db=el&amp;db_id=3475&amp;comment_code=&amp;element=Ru&amp;spectr_charge=1&amp;ref=3475&amp;type=
351.964,351.9634+,330,,,1 190.64,-,29 594.56,4d7(a 4F)5s,a 5F,4,4d<sup>6</sup>5s(a <sup>6</sup>D)5p,z 7F°,4,,,https://physics.nist.gov/cgi-bin/ASBib1/get_ASBib_ref.cgi?db=el&amp;db_id=3475&amp;comment_code=&amp;element=Ru&amp;spectr_charge=1&amp;ref=3475&amp;type=
352.868,352.8680+,200,,,2 713.24,-,31 044.35,4d7(a 4F)5s,a 5F,2,4d<sup>7</sup>(a <sup>4</sup>F)5p,z 3D°,3,,,https://physics.nist.gov/cgi-bin/ASBib1/get_ASBib_ref.cgi?db=el&amp;db_id=3475&amp;comment_code=&amp;element=Ru&amp;spectr_charge=1&amp;ref=3475&amp;type=
353.281,353.2810+,240,,,14 700.32,-,42 998.31,4d7(a 2G)5s,a 1G,4,4d<sup>7</sup>(a <sup>2</sup>D)5p,y 1F°,3,,,https://physics.nist.gov/cgi-bin/ASBib1/get_ASBib_ref.cgi?db=el&amp;db_id=3475&amp;comment_code=&amp;element=Ru&amp;spectr_charge=1&amp;ref=3475&amp;type=
353.795,353.7946+,390,,,2 091.54,-,30 348.45,4d7(a 4F)5s,a 5F,3,4d<sup>7</sup>(a <sup>4</sup>F)5p,z 3F°,4,,,https://physics.nist.gov/cgi-bin/ASBib1/get_ASBib_ref.cgi?db=el&amp;db_id=3475&amp;comment_code=&amp;element=Ru&amp;spectr_charge=1&amp;ref=3475&amp;type=
353.937,353.9368+,790,,,2 713.24,-,30 958.80,4d7(a 4F)5s,a 5F,2,4d<sup>7</sup>(a <sup>4</sup>F)5p,z 5G°,2,,,https://physics.nist.gov/cgi-bin/ASBib1/get_ASBib_ref.cgi?db=el&amp;db_id=3475&amp;comment_code=&amp;element=Ru&amp;spectr_charge=1&amp;ref=3475&amp;type=
354.163,354.1630+,200,,,6 545.03,-,34 772.55,4d7(a 4F)5s,a 3F,4,4d<sup>6</sup>5s(a <sup>6</sup>D)5p,y 5F°,5,,,https://physics.nist.gov/cgi-bin/ASBib1/get_ASBib_ref.cgi?db=el&amp;db_id=3475&amp;comment_code=&amp;element=Ru&amp;spectr_charge=1&amp;ref=3475&amp;type=
357.059,357.0599+,690,,,15 550.16,-,43 548.67,4d7(a 2H)5s,a 3H,6,4d<sup>7</sup>(a <sup>2</sup>H)5p,y 3H°,6,,,https://physics.nist.gov/cgi-bin/ASBib1/get_ASBib_ref.cgi?db=el&amp;db_id=3475&amp;comment_code=&amp;element=Ru&amp;spectr_charge=1&amp;ref=3475&amp;type=
357.458,357.4597+,200,,,8 575.42,-,36 542.62,4d65s2,a 5D,3,4d<sup>7</sup>(a <sup>4</sup>P)5p,x 5D°,4,,,https://physics.nist.gov/cgi-bin/ASBib1/get_ASBib_ref.cgi?db=el&amp;db_id=3475&amp;comment_code=&amp;element=Ru&amp;spectr_charge=1&amp;ref=3475&amp;type=
358.720,358.7156+,390,,,16 240.13,-,44 109.41,4d7(a 2H)5s,a 3H,5,4d<sup>7</sup>(a <sup>2</sup>H)5p,y 3H°,5,,,https://physics.nist.gov/cgi-bin/ASBib1/get_ASBib_ref.cgi?db=el&amp;db_id=3475&amp;comment_code=&amp;element=Ru&amp;spectr_charge=1&amp;ref=3475&amp;type=
358.922,358.9213+,6400,9.11e+07,,3 105.49,-,30 958.80,4d7(a 4F)5s,a 5F,1,4d<sup>7</sup>(a <sup>4</sup>F)5p,z 5G°,2,,https://physics.nist.gov/cgi-bin/ASBib1/get_ASBib_ref.cgi?db=tp&amp;db_id=6131&amp;comment_code=&amp;element=Ru&amp;spectr_charge=1&amp;ref=6131&amp;type=,https://physics.nist.gov/cgi-bin/ASBib1/get_ASBib_ref.cgi?db=el&amp;db_id=3475&amp;comment_code=&amp;element=Ru&amp;spectr_charge=1&amp;ref=3475&amp;type=
359.302,359.3018+,6900,8.17e+07,,2 713.24,-,30 537.06,4d7(a 4F)5s,a 5F,2,4d<sup>7</sup>(a <sup>4</sup>F)5p,z 5G°,3,,https://physics.nist.gov/cgi-bin/ASBib1/get_ASBib_ref.cgi?db=tp&amp;db_id=6131&amp;comment_code=&amp;element=Ru&amp;spectr_charge=1&amp;ref=6131&amp;type=,https://physics.nist.gov/cgi-bin/ASBib1/get_ASBib_ref.cgi?db=el&amp;db_id=3475&amp;comment_code=&amp;element=Ru&amp;spectr_charge=1&amp;ref=3475&amp;type=
359.618,359.6178+,6400,4.20e+07,,2 091.54,-,29 890.91,4d7(a 4F)5s,a 5F,3,4d<sup>7</sup>(a <sup>4</sup>F)5p,z 3G°,4,,https://physics.nist.gov/cgi-bin/ASBib1/get_ASBib_ref.cgi?db=tp&amp;db_id=6131&amp;comment_code=&amp;element=Ru&amp;spectr_charge=1&amp;ref=6131&amp;type=,https://physics.nist.gov/cgi-bin/ASBib1/get_ASBib_ref.cgi?db=el&amp;db_id=3475&amp;comment_code=&amp;element=Ru&amp;spectr_charge=1&amp;ref=3475&amp;type=
359.976,359.9762+,1300,,,8 770.93,-,36 542.62,4d7(a 4P)5s,a 5P,3,4d<sup>7</sup>(a <sup>4</sup>P)5p,x 5D°,4,,,https://physics.nist.gov/cgi-bin/ASBib1/get_ASBib_ref.cgi?db=el&amp;db_id=3475&amp;comment_code=&amp;element=Ru&amp;spectr_charge=1&amp;ref=3475&amp;type=
362.520,362.5194+,350,,,10 623.53,-,38 200.40,4d7(a 2P)5s,a 3P,2,4d<sup>7</sup>(a <sup>4</sup>P)5p,x 5D°,1,,,https://physics.nist.gov/cgi-bin/ASBib1/get_ASBib_ref.cgi?db=el&amp;db_id=3475&amp;comment_code=&amp;element=Ru&amp;spectr_charge=1&amp;ref=3475&amp;type=
362.674,362.6736+,370,,,17 096.87,-,44 662.01,4d7(a 2H)5s,a 3H,4,4d<sup>7</sup>(a <sup>2</sup>H)5p,y 3H°,4,,,https://physics.nist.gov/cgi-bin/ASBib1/get_ASBib_ref.cgi?db=el&amp;db_id=3475&amp;comment_code=&amp;element=Ru&amp;spectr_charge=1&amp;ref=3475&amp;type=
363.493,363.4928+,3100,,,2 091.54,-,29 594.56,4d7(a 4F)5s,a 5F,3,4d<sup>6</sup>5s(a <sup>6</sup>D)5p,z 7F°,4,,,https://physics.nist.gov/cgi-bin/ASBib1/get_ASBib_ref.cgi?db=el&amp;db_id=3475&amp;comment_code=&amp;element=Ru&amp;spectr_charge=1&amp;ref=3475&amp;type=
363.747,363.7461+,210,,,13 699.07,-,41 182.94,4d7(a 2G)5s,a 3G,3,4d<sup>7</sup>(a <sup>2</sup>D)5p,x 3F°,2,,,https://physics.nist.gov/cgi-bin/ASBib1/get_ASBib_ref.cgi?db=el&amp;db_id=3475&amp;comment_code=&amp;element=Ru&amp;spectr_charge=1&amp;ref=3475&amp;type=
364.064,364.0634+,200,,,12 816.69,-,40 276.61,4d7(a 2G)5s,a 3G,4,4d<sup>7</sup>(a <sup>2</sup>G)5p,y 3G°,4,,,https://physics.nist.gov/cgi-bin/ASBib1/get_ASBib_ref.cgi?db=el&amp;db_id=3475&amp;comment_code=&amp;element=Ru&amp;spectr_charge=1&amp;ref=3475&amp;type=
365.032,365.0323+,290,,,8 084.12,-,35 471.15,4d7(a 4F)5s,a 3F,3,4d<sup>6</sup>5s(a <sup>6</sup>D)5p,y 5F°,4,,,https://physics.nist.gov/cgi-bin/ASBib1/get_ASBib_ref.cgi?db=el&amp;db_id=3475&amp;comment_code=&amp;element=Ru&amp;spectr_charge=1&amp;ref=3475&amp;type=
365.440,365.4404+,310,,,16 240.13,-,43 596.58,4d7(a 2H)5s,a 3H,5,4d<sup>7</sup>(a <sup>2</sup>H)5p,y 1H°,5,,,https://physics.nist.gov/cgi-bin/ASBib1/get_ASBib_ref.cgi?db=el&amp;db_id=3475&amp;comment_code=&amp;element=Ru&amp;spectr_charge=1&amp;ref=3475&amp;type=
366.135,366.1362+,6200,,,1 190.64,-,28 495.10,4d7(a 4F)5s,a 5F,4,4d<sup>7</sup>(a <sup>4</sup>F)5p,z 3G°,5,,,https://physics.nist.gov/cgi-bin/ASBib1/get_ASBib_ref.cgi?db=el&amp;db_id=3475&amp;comment_code=&amp;element=Ru&amp;spectr_charge=1&amp;ref=3475&amp;type=
366.337,366.3372+,830,,,7 483.07,-,34 772.55,4d65s2,a 5D,4,4d<sup>6</sup>5s(a <sup>6</sup>D)5p,y 5F°,5,,,https://physics.nist.gov/cgi-bin/ASBib1/get_ASBib_ref.cgi?db=el&amp;db_id=3475&amp;comment_code=&amp;element=Ru&amp;spectr_charge=1&amp;ref=3475&amp;type=
366.9546,366.9540+,650,,,12 207.05,-,39 450.66,4d7(a 2G)5s,a 3G,5,4d<sup>7</sup>(a <sup>2</sup>G)5p,y 3G°,5,,,https://physics.nist.gov/cgi-bin/ASBib1/get_ASBib_ref.cgi?db=el&amp;db_id=16319&amp;comment_code=&amp;element=Ru&amp;spectr_charge=1&amp;ref=16319&amp;type=
367.832,367.8310+,240,,,2 713.24,-,29 891.90,4d7(a 4F)5s,a 5F,2,4d<sup>6</sup>5s(a <sup>6</sup>D)5p,z 7F°,3,,,https://physics.nist.gov/cgi-bin/ASBib1/get_ASBib_ref.cgi?db=el&amp;db_id=3475&amp;comment_code=&amp;element=Ru&amp;spectr_charge=1&amp;ref=3475&amp;type=
369.659,369.6581+,260,,,10 623.53,-,37 667.86,4d7(a 2P)5s,a 3P,2,4d<sup>7</sup>(a <sup>4</sup>P)5p,x 5D°,2,,,https://physics.nist.gov/cgi-bin/ASBib1/get_ASBib_ref.cgi?db=el&amp;db_id=3475&amp;comment_code=&amp;element=Ru&amp;spectr_charge=1&amp;ref=3475&amp;type=
371.700,371.7005+,410,,,8 575.42,-,35 471.15,4d65s2,a 5D,3,4d<sup>6</sup>5s(a <sup>6</sup>D)5p,y 5F°,4,,,https://physics.nist.gov/cgi-bin/ASBib1/get_ASBib_ref.cgi?db=el&amp;db_id=3475&amp;comment_code=&amp;element=Ru&amp;spectr_charge=1&amp;ref=3475&amp;type=
371.933,371.9330+,260,,,17 096.87,-,43 975.79,4d7(a 2H)5s,a 3H,4,4d<sup>7</sup>(a <sup>2</sup>H)5p,x 3G°,3,,,https://physics.nist.gov/cgi-bin/ASBib1/get_ASBib_ref.cgi?db=el&amp;db_id=3475&amp;comment_code=&amp;element=Ru&amp;spectr_charge=1&amp;ref=3475&amp;type=
372.610,372.6093+,550,,,12 207.05,-,39 037.18,4d7(a 2G)5s,a 3G,5,4d<sup>7</sup>(a <sup>2</sup>G)5p,z 1G°,4,,,https://physics.nist.gov/cgi-bin/ASBib1/get_ASBib_ref.cgi?db=el&amp;db_id=3475&amp;comment_code=&amp;element=Ru&amp;spectr_charge=1&amp;ref=3475&amp;type=
372.693,372.6924+,8700,7.53e+07,,1 190.64,-,28 014.79,4d7(a 4F)5s,a 5F,4,4d<sup>7</sup>(a <sup>4</sup>F)5p,z 5F°,4,,https://physics.nist.gov/cgi-bin/ASBib1/get_ASBib_ref.cgi?db=tp&amp;db_id=6131&amp;comment_code=&amp;element=Ru&amp;spectr_charge=1&amp;ref=6131&amp;type=,https://physics.nist.gov/cgi-bin/ASBib1/get_ASBib_ref.cgi?db=el&amp;db_id=3475&amp;comment_code=&amp;element=Ru&amp;spectr_charge=1&amp;ref=3475&amp;type=
372.803,372.8025+,11000,8.20e+07,,0.00,-,26 816.23,4d7(a 4F)5s,a 5F,5,4d<sup>7</sup>(a <sup>4</sup>F)5p,z 5F°,5,,https://physics.nist.gov/cgi-bin/ASBib1/get_ASBib_ref.cgi?db=tp&amp;db_id=6131&amp;comment_code=&amp;element=Ru&amp;spectr_charge=1&amp;ref=6131&amp;type=,https://physics.nist.gov/cgi-bin/ASBib1/get_ASBib_ref.cgi?db=el&amp;db_id=3475&amp;comment_code=&amp;element=Ru&amp;spectr_charge=1&amp;ref=3475&amp;type=
373.043,373.0431+,7100,7.06e+07,,2 091.54,-,28 890.47,4d7(a 4F)5s,a 5F,3,4d<sup>7</sup>(a <sup>4</sup>F)5p,z 5F°,3,,https://physics.nist.gov/cgi-bin/ASBib1/get_ASBib_ref.cgi?db=tp&amp;db_id=6131&amp;comment_code=&amp;element=Ru&amp;spectr_charge=1&amp;ref=6131&amp;type=,https://physics.nist.gov/cgi-bin/ASBib1/get_ASBib_ref.cgi?db=el&amp;db_id=3475&amp;comment_code=&amp;element=Ru&amp;spectr_charge=1&amp;ref=3475&amp;type=
373.740,373.7398+,280,,,9 057.64,-,35 806.62,4d65s2,a 5D,2,4d<sup>6</sup>5s(a <sup>6</sup>D)5p,y 5F°,3,,,https://physics.nist.gov/cgi-bin/ASBib1/get_ASBib_ref.cgi?db=el&amp;db_id=3475&amp;comment_code=&amp;element=Ru&amp;spectr_charge=1&amp;ref=3475&amp;type=
373.946,373.9470+,410,,,13 699.07,-,40 433.23,4d7(a 2G)5s,a 3G,3,4d<sup>7</sup>(a <sup>2</sup>G)5p,y 3F°,2,,,https://physics.nist.gov/cgi-bin/ASBib1/get_ASBib_ref.cgi?db=el&amp;db_id=3475&amp;comment_code=&amp;element=Ru&amp;spectr_charge=1&amp;ref=3475&amp;type=
374.228,374.2280+,3500,,,2 713.24,-,29 427.32,4d7(a 4F)5s,a 5F,2,4d<sup>7</sup>(a <sup>4</sup>F)5p,z 5F°,2,,,https://physics.nist.gov/cgi-bin/ASBib1/get_ASBib_ref.cgi?db=el&amp;db_id=3475&amp;comment_code=&amp;element=Ru&amp;spectr_charge=1&amp;ref=3475&amp;type=
374.278,374.2800+,870,,,15 550.16,-,42 260.53,4d7(a 2H)5s,a 3H,6,4d<sup>7</sup>(a <sup>2</sup>H)5p,z 3I°,7,,,https://physics.nist.gov/cgi-bin/ASBib1/get_ASBib_ref.cgi?db=el&amp;db_id=3475&amp;comment_code=&amp;element=Ru&amp;spectr_charge=1&amp;ref=3475&amp;type=
374.422,374.4223+,280,,,8 770.93,-,35 471.15,4d7(a 4P)5s,a 5P,3,4d<sup>6</sup>5s(a <sup>6</sup>D)5p,y 5F°,4,,,https://physics.nist.gov/cgi-bin/ASBib1/get_ASBib_ref.cgi?db=el&amp;db_id=3475&amp;comment_code=&amp;element=Ru&amp;spectr_charge=1&amp;ref=3475&amp;type=
374.440,374.4396+,410,,,16 240.13,-,42 939.12,4d7(a 2H)5s,a 3H,5,4d<sup>7</sup>(a <sup>2</sup>H)5p,x 3G°,4,,,https://physics.nist.gov/cgi-bin/ASBib1/get_ASBib_ref.cgi?db=el&amp;db_id=3475&amp;comment_code=&amp;element=Ru&amp;spectr_charge=1&amp;ref=3475&amp;type=
374.559,374.5594+,2800,,,12 207.05,-,38 897.50,4d7(a 2G)5s,a 3G,5,4d<sup>7</sup>(a <sup>2</sup>G)5p,z 3H°,6,,,https://physics.nist.gov/cgi-bin/ASBib1/get_ASBib_ref.cgi?db=el&amp;db_id=3475&amp;comment_code=&amp;element=Ru&amp;spectr_charge=1&amp;ref=3475&amp;type=
375.354,375.3537+,760,,,12 816.69,-,39 450.66,4d7(a 2G)5s,a 3G,4,4d<sup>7</sup>(a <sup>2</sup>G)5p,y 3G°,5,,,https://physics.nist.gov/cgi-bin/ASBib1/get_ASBib_ref.cgi?db=el&amp;db_id=3475&amp;comment_code=&amp;element=Ru&amp;spectr_charge=1&amp;ref=3475&amp;type=
375.509,375.5089+,310,,,9 183.66,-,35 806.62,4d7(a 4F)5s,a 3F,2,4d<sup>6</sup>5s(a <sup>6</sup>D)5p,y 5F°,3,,,https://physics.nist.gov/cgi-bin/ASBib1/get_ASBib_ref.cgi?db=el&amp;db_id=3475&amp;comment_code=&amp;element=Ru&amp;spectr_charge=1&amp;ref=3475&amp;type=
375.593,375.5929+,870,,,12 816.69,-,39 433.70,4d7(a 2G)5s,a 3G,4,4d<sup>7</sup>(a <sup>2</sup>G)5p,y 3F°,3,,,https://physics.nist.gov/cgi-bin/ASBib1/get_ASBib_ref.cgi?db=el&amp;db_id=3475&amp;comment_code=&amp;element=Ru&amp;spectr_charge=1&amp;ref=3475&amp;type=
375.984,375.9837+,1200,,,7 483.07,-,34 072.41,4d65s2,a 5D,4,4d<sup>6</sup>5s(a <sup>6</sup>D)5p,z 5P°,3,,,https://physics.nist.gov/cgi-bin/ASBib1/get_ASBib_ref.cgi?db=el&amp;db_id=3475&amp;comment_code=&amp;element=Ru&amp;spectr_charge=1&amp;ref=3475&amp;type=
376.003,376.0015+,370,,,3 105.49,-,29 693.57,4d7(a 4F)5s,a 5F,1,4d<sup>7</sup>(a <sup>4</sup>F)5p,z 5F°,1,,,https://physics.nist.gov/cgi-bin/ASBib1/get_ASBib_ref.cgi?db=el&amp;db_id=3475&amp;comment_code=&amp;element=Ru&amp;spectr_charge=1&amp;ref=3475&amp;type=
376.151,376.1507+,600,,,13 699.07,-,40 276.61,4d7(a 2G)5s,a 3G,3,4d<sup>7</sup>(a <sup>2</sup>G)5p,y 3G°,4,,,https://physics.nist.gov/cgi-bin/ASBib1/get_ASBib_ref.cgi?db=el&amp;db_id=3475&amp;comment_code=&amp;element=Ru&amp;spectr_charge=1&amp;ref=3475&amp;type=
376.735,376.7350+,600,,,13 699.07,-,40 235.39,4d7(a 2G)5s,a 3G,3,4d<sup>7</sup>(a <sup>2</sup>G)5p,y 3G°,3,,,https://physics.nist.gov/cgi-bin/ASBib1/get_ASBib_ref.cgi?db=el&amp;db_id=3475&amp;comment_code=&amp;element=Ru&amp;spectr_charge=1&amp;ref=3475&amp;type=
377.759,377.7587+,1500,,,3 105.49,-,29 569.90,4d7(a 4F)5s,a 5F,1,4d<sup>7</sup>(a <sup>4</sup>F)5p,z 5D°,0,,,https://physics.nist.gov/cgi-bin/ASBib1/get_ASBib_ref.cgi?db=el&amp;db_id=3475&amp;comment_code=&amp;element=Ru&amp;spectr_charge=1&amp;ref=3475&amp;type=
378.118,378.1169+,460,,,20 055.71,-,46 495.05,4d7(a 2H)5s,a 1H,5,4d<sup>6</sup>5s(b <sup>2</sup>H)5p?,x 1H°,5,,,https://physics.nist.gov/cgi-bin/ASBib1/get_ASBib_ref.cgi?db=el&amp;db_id=3475&amp;comment_code=&amp;element=Ru&amp;spectr_charge=1&amp;ref=3475&amp;type=
378.274,378.2735+,600,,,27 289.24,-,53 717.63,4d7(a 2F)5s?,d 3F,4,,62°,4,,,https://physics.nist.gov/cgi-bin/ASBib1/get_ASBib_ref.cgi?db=el&amp;db_id=3475&amp;comment_code=&amp;element=Ru&amp;spectr_charge=1&amp;ref=3475&amp;type=
378.606,378.6050+,3900,,,2 713.24,-,29 118.49,4d7(a 4F)5s,a 5F,2,4d<sup>7</sup>(a <sup>4</sup>F)5p,z 5D°,1,,,https://physics.nist.gov/cgi-bin/ASBib1/get_ASBib_ref.cgi?db=el&amp;db_id=3475&amp;comment_code=&amp;element=Ru&amp;spectr_charge=1&amp;ref=3475&amp;type=
379.051,379.0515+,6000,,,2 091.54,-,28 465.69,4d7(a 4F)5s,a 5F,3,4d<sup>7</sup>(a <sup>4</sup>F)5p,z 5D°,2,,,https://physics.nist.gov/cgi-bin/ASBib1/get_ASBib_ref.cgi?db=el&amp;db_id=3475&amp;comment_code=&amp;element=Ru&amp;spectr_charge=1&amp;ref=3475&amp;type=
379.492,379.4914+,240*,,,9 620.29,-,35 963.87,4d7(a 4P)5s,a 5P,1,4d<sup>6</sup>5s(a <sup>6</sup>D)5p,y 5F°,2,,,https://physics.nist.gov/cgi-bin/ASBib1/get_ASBib_ref.cgi?db=el&amp;db_id=3475&amp;comment_code=&amp;element=Ru&amp;spectr_charge=1&amp;ref=3475&amp;type=
379.492,379.4968+,240*,,,16 190.61,-,42 533.81,4d7(a 2D)5s,a 3D,3,4d<sup>7</sup>(a <sup>2</sup>D)5p,w 3D°,2,,,https://physics.nist.gov/cgi-bin/ASBib1/get_ASBib_ref.cgi?db=el&amp;db_id=3475&amp;comment_code=&amp;element=Ru&amp;spectr_charge=1&amp;ref=3475&amp;type=
379.805,379.8050+,760,,,3 105.49,-,29 427.32,4d7(a 4F)5s,a 5F,1,4d<sup>7</sup>(a <sup>4</sup>F)5p,z 5F°,2,,,https://physics.nist.gov/cgi-bin/ASBib1/get_ASBib_ref.cgi?db=el&amp;db_id=3475&amp;comment_code=&amp;element=Ru&amp;spectr_charge=1&amp;ref=3475&amp;type=
379.890,379.8898+,7600,5.98e+07,,1 190.64,-,27 506.59,4d7(a 4F)5s,a 5F,4,4d<sup>7</sup>(a <sup>4</sup>F)5p,z 5D°,3,,https://physics.nist.gov/cgi-bin/ASBib1/get_ASBib_ref.cgi?db=tp&amp;db_id=6131&amp;comment_code=&amp;element=Ru&amp;spectr_charge=1&amp;ref=6131&amp;type=,https://physics.nist.gov/cgi-bin/ASBib1/get_ASBib_ref.cgi?db=el&amp;db_id=3475&amp;comment_code=&amp;element=Ru&amp;spectr_charge=1&amp;ref=3475&amp;type=
379.935,379.9349+,7600,5.33e+07,,0.00,-,26 312.83,4d7(a 4F)5s,a 5F,5,4d<sup>7</sup>(a <sup>4</sup>F)5p,z 5D°,4,,https://physics.nist.gov/cgi-bin/ASBib1/get_ASBib_ref.cgi?db=tp&amp;db_id=6131&amp;comment_code=&amp;element=Ru&amp;spectr_charge=1&amp;ref=6131&amp;type=,https://physics.nist.gov/cgi-bin/ASBib1/get_ASBib_ref.cgi?db=el&amp;db_id=3475&amp;comment_code=&amp;element=Ru&amp;spectr_charge=1&amp;ref=3475&amp;type=
380.026,380.0263+,310,,,8 575.42,-,34 881.92,4d65s2,a 5D,3,4d<sup>6</sup>5s(a <sup>6</sup>D)5p,z 5P°,2,,,https://physics.nist.gov/cgi-bin/ASBib1/get_ASBib_ref.cgi?db=el&amp;db_id=3475&amp;comment_code=&amp;element=Ru&amp;spectr_charge=1&amp;ref=3475&amp;type=
380.868,380.8685+,310,,,14 700.32,-,40 948.65,4d7(a 2G)5s,a 1G,4,4d<sup>7</sup>(a <sup>2</sup>G)5p,z 1F°,3,,,https://physics.nist.gov/cgi-bin/ASBib1/get_ASBib_ref.cgi?db=el&amp;db_id=3475&amp;comment_code=&amp;element=Ru&amp;spectr_charge=1&amp;ref=3475&amp;type=
381.272,381.2729+,600,,,12 816.69,-,39 037.18,4d7(a 2G)5s,a 3G,4,4d<sup>7</sup>(a <sup>2</sup>G)5p,z 1G°,4,,,https://physics.nist.gov/cgi-bin/ASBib1/get_ASBib_ref.cgi?db=el&amp;db_id=3475&amp;comment_code=&amp;element=Ru&amp;spectr_charge=1&amp;ref=3475&amp;type=
381.727,381.7293+,760,,,15 550.16,-,41 739.30,4d7(a 2H)5s,a 3H,6,4d<sup>7</sup>(a <sup>2</sup>H)5p,x 3G°,5,,,https://physics.nist.gov/cgi-bin/ASBib1/get_ASBib_ref.cgi?db=el&amp;db_id=3475&amp;comment_code=&amp;element=Ru&amp;spectr_charge=1&amp;ref=3475&amp;type=
381.903,381.9030+,760,,,2 713.24,-,28 890.47,4d7(a 4F)5s,a 5F,2,4d<sup>7</sup>(a <sup>4</sup>F)5p,z 5F°,3,,,https://physics.nist.gov/cgi-bin/ASBib1/get_ASBib_ref.cgi?db=el&amp;db_id=3475&amp;comment_code=&amp;element=Ru&amp;spectr_charge=1&amp;ref=3475&amp;type=
382.209,382.2088+,650,,,16 190.61,-,42 346.90,4d7(a 2D)5s,a 3D,3,4d<sup>7</sup>(a <sup>2</sup>D)5p,x 3F°,4,,,https://physics.nist.gov/cgi-bin/ASBib1/get_ASBib_ref.cgi?db=el&amp;db_id=3475&amp;comment_code=&amp;element=Ru&amp;spectr_charge=1&amp;ref=3475&amp;type=
382.493,382.4936+,550,,,10 623.53,-,36 760.34,4d7(a 2P)5s,a 3P,2,4d<sup>7</sup>(a <sup>4</sup>P)5p,y 3D°,3,,,https://physics.nist.gov/cgi-bin/ASBib1/get_ASBib_ref.cgi?db=el&amp;db_id=3475&amp;comment_code=&amp;element=Ru&amp;spectr_charge=1&amp;ref=3475&amp;type=
383.180,383.1793+,760,,,12 207.05,-,38 297.09,4d7(a 2G)5s,a 3G,5,4d<sup>7</sup>(a <sup>2</sup>G)5p,z 3H°,5,,,https://physics.nist.gov/cgi-bin/ASBib1/get_ASBib_ref.cgi?db=el&amp;db_id=3475&amp;comment_code=&amp;element=Ru&amp;spectr_charge=1&amp;ref=3475&amp;type=
383.505,383.5058+,220,,,14 700.32,-,40 768.15,4d7(a 2G)5s,a 1G,4,4d<sup>7</sup>(a <sup>2</sup>P)5p,x 3D°,3,,,https://physics.nist.gov/cgi-bin/ASBib1/get_ASBib_ref.cgi?db=el&amp;db_id=3475&amp;comment_code=&amp;element=Ru&amp;spectr_charge=1&amp;ref=3475&amp;type=
383.807,383.8070+,310,,,8 043.69,-,34 091.06,4d7(a 4P)5s,a 5P,2,4d<sup>6</sup>5s(a <sup>6</sup>D)5p,y 5D°,1,,,https://physics.nist.gov/cgi-bin/ASBib1/get_ASBib_ref.cgi?db=el&amp;db_id=3475&amp;comment_code=&amp;element=Ru&amp;spectr_charge=1&amp;ref=3475&amp;type=
383.970,383.9698+,930,,,12 207.05,-,38 243.38,4d7(a 2G)5s,a 3G,5,4d<sup>7</sup>(a <sup>2</sup>G)5p,y 3F°,4,,,https://physics.nist.gov/cgi-bin/ASBib1/get_ASBib_ref.cgi?db=el&amp;db_id=3475&amp;comment_code=&amp;element=Ru&amp;spectr_charge=1&amp;ref=3475&amp;type=
384.668,384.6672+,480,,,9 057.64,-,35 046.77,4d65s2,a 5D,2,4d<sup>6</sup>5s(a <sup>6</sup>D)5p,z 5P°,1,,,https://physics.nist.gov/cgi-bin/ASBib1/get_ASBib_ref.cgi?db=el&amp;db_id=3475&amp;comment_code=&amp;element=Ru&amp;spectr_charge=1&amp;ref=3475&amp;type=
385.043,385.0429+,760,,,7 483.07,-,33 446.84,4d65s2,a 5D,4,4d<sup>6</sup>5s(a <sup>6</sup>D)5p,y 5D°,4,,,https://physics.nist.gov/cgi-bin/ASBib1/get_ASBib_ref.cgi?db=el&amp;db_id=3475&amp;comment_code=&amp;element=Ru&amp;spectr_charge=1&amp;ref=3475&amp;type=
385.646,385.6447+,480,,,2 091.54,-,28 014.79,4d7(a 4F)5s,a 5F,3,4d<sup>7</sup>(a <sup>4</sup>F)5p,z 5F°,4,,,https://physics.nist.gov/cgi-bin/ASBib1/get_ASBib_ref.cgi?db=el&amp;db_id=3475&amp;comment_code=&amp;element=Ru&amp;spectr_charge=1&amp;ref=3475&amp;type=
385.755,385.7541+,1300,,,14 700.32,-,40 616.22,4d7(a 2G)5s,a 1G,4,4d<sup>7</sup>(a <sup>2</sup>G)5p,z 1H°,5,,,https://physics.nist.gov/cgi-bin/ASBib1/get_ASBib_ref.cgi?db=el&amp;db_id=3475&amp;comment_code=&amp;element=Ru&amp;spectr_charge=1&amp;ref=3475&amp;type=
386.072,386.0717+,220,,,15 054.07,-,40 948.65,4d7(a 2D)5s,a 3D,2,4d<sup>7</sup>(a <sup>2</sup>G)5p,z 1F°,3,,,https://physics.nist.gov/cgi-bin/ASBib1/get_ASBib_ref.cgi?db=el&amp;db_id=3475&amp;comment_code=&amp;element=Ru&amp;spectr_charge=1&amp;ref=3475&amp;type=
386.269,386.2682+,650,,,17 096.87,-,42 978.28,4d7(a 2H)5s,a 3H,4,4d<sup>7</sup>(a <sup>2</sup>H)5p,z 3I°,5,,,https://physics.nist.gov/cgi-bin/ASBib1/get_ASBib_ref.cgi?db=el&amp;db_id=3475&amp;comment_code=&amp;element=Ru&amp;spectr_charge=1&amp;ref=3475&amp;type=
386.784,386.7836+,1300,,,6 545.03,-,32 391.95,4d7(a 4F)5s,a 3F,4,4d<sup>7</sup>(a <sup>4</sup>F)5p,z 3F°,3,,,https://physics.nist.gov/cgi-bin/ASBib1/get_ASBib_ref.cgi?db=el&amp;db_id=3475&amp;comment_code=&amp;element=Ru&amp;spectr_charge=1&amp;ref=3475&amp;type=
387.352,387.3528+,260,,,9 072.98,-,34 881.92,4d65s2,a 5D,1,4d<sup>6</sup>5s(a <sup>6</sup>D)5p,z 5P°,2,,,https://physics.nist.gov/cgi-bin/ASBib1/get_ASBib_ref.cgi?db=el&amp;db_id=3475&amp;comment_code=&amp;element=Ru&amp;spectr_charge=1&amp;ref=3475&amp;type=
389.221,389.2225+,650,,,8 043.69,-,33 728.66,4d7(a 4P)5s,a 5P,2,4d<sup>6</sup>5s(a <sup>6</sup>D)5p,y 5D°,2,,,https://physics.nist.gov/cgi-bin/ASBib1/get_ASBib_ref.cgi?db=el&amp;db_id=3475&amp;comment_code=&amp;element=Ru&amp;spectr_charge=1&amp;ref=3475&amp;type=
390.908,390.9082+,760,,,13 699.07,-,39 273.28,4d7(a 2G)5s,a 3G,3,4d<sup>7</sup>(a <sup>2</sup>G)5p,z 3H°,4,,,https://physics.nist.gov/cgi-bin/ASBib1/get_ASBib_ref.cgi?db=el&amp;db_id=3475&amp;comment_code=&amp;element=Ru&amp;spectr_charge=1&amp;ref=3475&amp;type=
392.092,392.0921+,260,,,8 575.42,-,34 072.41,4d65s2,a 5D,3,4d<sup>6</sup>5s(a <sup>6</sup>D)5p,z 5P°,3,,,https://physics.nist.gov/cgi-bin/ASBib1/get_ASBib_ref.cgi?db=el&amp;db_id=3475&amp;comment_code=&amp;element=Ru&amp;spectr_charge=1&amp;ref=3475&amp;type=
392.347,392.3474+,1500,,,12 816.69,-,38 297.09,4d7(a 2G)5s,a 3G,4,4d<sup>7</sup>(a <sup>2</sup>G)5p,z 3H°,5,,,https://physics.nist.gov/cgi-bin/ASBib1/get_ASBib_ref.cgi?db=el&amp;db_id=3475&amp;comment_code=&amp;element=Ru&amp;spectr_charge=1&amp;ref=3475&amp;type=
392.592,392.5926+,3300,,,0.00,-,25 464.49,4d7(a 4F)5s,a 5F,5,4d<sup>6</sup>5s(a <sup>6</sup>D)5p,z 7D°,4,,,https://physics.nist.gov/cgi-bin/ASBib1/get_ASBib_ref.cgi?db=el&amp;db_id=3475&amp;comment_code=&amp;element=Ru&amp;spectr_charge=1&amp;ref=3475&amp;type=
393.176,393.1795+,600,,,9 620.29,-,35 046.77,4d7(a 4P)5s,a 5P,1,4d<sup>6</sup>5s(a <sup>6</sup>D)5p,z 5P°,1,,,https://physics.nist.gov/cgi-bin/ASBib1/get_ASBib_ref.cgi?db=el&amp;db_id=3475&amp;comment_code=&amp;element=Ru&amp;spectr_charge=1&amp;ref=3475&amp;type=
393.355,393.3563+,310,,,2 091.54,-,27 506.59,4d7(a 4F)5s,a 5F,3,4d<sup>7</sup>(a <sup>4</sup>F)5p,z 5D°,3,,,https://physics.nist.gov/cgi-bin/ASBib1/get_ASBib_ref.cgi?db=el&amp;db_id=3475&amp;comment_code=&amp;element=Ru&amp;spectr_charge=1&amp;ref=3475&amp;type=
394.557,394.5584+,760,,,16 240.13,-,41 577.75,4d7(a 2H)5s,a 3H,5,4d<sup>7</sup>(a <sup>2</sup>H)5p,z 3I°,6,,,https://physics.nist.gov/cgi-bin/ASBib1/get_ASBib_ref.cgi?db=el&amp;db_id=3475&amp;comment_code=&amp;element=Ru&amp;spectr_charge=1&amp;ref=3475&amp;type=
395.021,395.0222+,460,,,6 545.03,-,31 852.90,4d7(a 4F)5s,a 3F,4,4d<sup>7</sup>(a <sup>4</sup>F)5p,z 3G°,3,,,https://physics.nist.gov/cgi-bin/ASBib1/get_ASBib_ref.cgi?db=el&amp;db_id=3475&amp;comment_code=&amp;element=Ru&amp;spectr_charge=1&amp;ref=3475&amp;type=
395.268,395.2693+,310,,,16 190.61,-,41 482.66,4d7(a 2D)5s,a 3D,3,4d<sup>7</sup>(a <sup>2</sup>D)5p,w 3D°,3,,,https://physics.nist.gov/cgi-bin/ASBib1/get_ASBib_ref.cgi?db=el&amp;db_id=3475&amp;comment_code=&amp;element=Ru&amp;spectr_charge=1&amp;ref=3475&amp;type=
396.490,396.4904+,460,,,0.00,-,25 214.16,4d7(a 4F)5s,a 5F,5,4d<sup>6</sup>5s(a <sup>6</sup>D)5p,z 7D°,5,,,https://physics.nist.gov/cgi-bin/ASBib1/get_ASBib_ref.cgi?db=el&amp;db_id=3475&amp;comment_code=&amp;element=Ru&amp;spectr_charge=1&amp;ref=3475&amp;type=
397.844,397.8447+,600,,,8 043.69,-,33 172.02,4d7(a 4P)5s,a 5P,2,4d<sup>7</sup>(a <sup>4</sup>F)5p,z 3F°,2,,,https://physics.nist.gov/cgi-bin/ASBib1/get_ASBib_ref.cgi?db=el&amp;db_id=3475&amp;comment_code=&amp;element=Ru&amp;spectr_charge=1&amp;ref=3475&amp;type=
397.942,397.9419+,600,,,1 190.64,-,26 312.83,4d7(a 4F)5s,a 5F,4,4d<sup>7</sup>(a <sup>4</sup>F)5p,z 5D°,4,,,https://physics.nist.gov/cgi-bin/ASBib1/get_ASBib_ref.cgi?db=el&amp;db_id=3475&amp;comment_code=&amp;element=Ru&amp;spectr_charge=1&amp;ref=3475&amp;type=
398.486,398.4858+,870,,,8 084.12,-,33 172.02,4d7(a 4F)5s,a 3F,3,4d<sup>7</sup>(a <sup>4</sup>F)5p,z 3F°,2,,,https://physics.nist.gov/cgi-bin/ASBib1/get_ASBib_ref.cgi?db=el&amp;db_id=3475&amp;comment_code=&amp;element=Ru&amp;spectr_charge=1&amp;ref=3475&amp;type=
399.598,399.5979+,280,,,9 072.98,-,34 091.06,4d65s2,a 5D,1,4d<sup>6</sup>5s(a <sup>6</sup>D)5p,y 5D°,1,,,https://physics.nist.gov/cgi-bin/ASBib1/get_ASBib_ref.cgi?db=el&amp;db_id=3475&amp;comment_code=&amp;element=Ru&amp;spectr_charge=1&amp;ref=3475&amp;type=
402.216,402.2161+,1500,,,8 575.42,-,33 430.65,4d65s2,a 5D,3,4d<sup>6</sup>5s(a <sup>6</sup>D)5p,y 5D°,3,,,https://physics.nist.gov/cgi-bin/ASBib1/get_ASBib_ref.cgi?db=el&amp;db_id=3475&amp;comment_code=&amp;element=Ru&amp;spectr_charge=1&amp;ref=3475&amp;type=
402.383,402.3830+,600,,,1 190.64,-,26 035.56,4d7(a 4F)5s,a 5F,4,4d<sup>6</sup>5s(a <sup>6</sup>D)5p,z 7D°,3,,,https://physics.nist.gov/cgi-bin/ASBib1/get_ASBib_ref.cgi?db=el&amp;db_id=3475&amp;comment_code=&amp;element=Ru&amp;spectr_charge=1&amp;ref=3475&amp;type=
403.921,403.9207+,310,,,14 700.32,-,39 450.66,4d7(a 2G)5s,a 1G,4,4d<sup>7</sup>(a <sup>2</sup>G)5p,y 3G°,5,,,https://physics.nist.gov/cgi-bin/ASBib1/get_ASBib_ref.cgi?db=el&amp;db_id=3475&amp;comment_code=&amp;element=Ru&amp;spectr_charge=1&amp;ref=3475&amp;type=
405.140,405.1391+,1400,,,8 770.93,-,33 446.84,4d7(a 4P)5s,a 5P,3,4d<sup>6</sup>5s(a <sup>6</sup>D)5p,y 5D°,4,,,https://physics.nist.gov/cgi-bin/ASBib1/get_ASBib_ref.cgi?db=el&amp;db_id=3475&amp;comment_code=&amp;element=Ru&amp;spectr_charge=1&amp;ref=3475&amp;type=
405.405,405.4051+,710,,,8 770.93,-,33 430.65,4d7(a 4P)5s,a 5P,3,4d<sup>6</sup>5s(a <sup>6</sup>D)5p,y 5D°,3,,,https://physics.nist.gov/cgi-bin/ASBib1/get_ASBib_ref.cgi?db=el&amp;db_id=3475&amp;comment_code=&amp;element=Ru&amp;spectr_charge=1&amp;ref=3475&amp;type=
406.446,406.4455+,370,,,8 575.42,-,33 172.02,4d65s2,a 5D,3,4d<sup>7</sup>(a <sup>4</sup>F)5p,z 3F°,2,,,https://physics.nist.gov/cgi-bin/ASBib1/get_ASBib_ref.cgi?db=el&amp;db_id=3475&amp;comment_code=&amp;element=Ru&amp;spectr_charge=1&amp;ref=3475&amp;type=
406.761,406.7607+,200,,,16 190.61,-,40 768.15,4d7(a 2D)5s,a 3D,3,4d<sup>7</sup>(a <sup>2</sup>P)5p,x 3D°,3,,,https://physics.nist.gov/cgi-bin/ASBib1/get_ASBib_ref.cgi?db=el&amp;db_id=3475&amp;comment_code=&amp;element=Ru&amp;spectr_charge=1&amp;ref=3475&amp;type=
406.837,406.8365+,760,,,14 700.32,-,39 273.28,4d7(a 2G)5s,a 1G,4,4d<sup>7</sup>(a <sup>2</sup>G)5p,z 3H°,4,,,https://physics.nist.gov/cgi-bin/ASBib1/get_ASBib_ref.cgi?db=el&amp;db_id=3475&amp;comment_code=&amp;element=Ru&amp;spectr_charge=1&amp;ref=3475&amp;type=
407.300,407.2999+,200,,,9 183.66,-,33 728.66,4d7(a 4F)5s,a 3F,2,4d<sup>6</sup>5s(a <sup>6</sup>D)5p,y 5D°,2,,,https://physics.nist.gov/cgi-bin/ASBib1/get_ASBib_ref.cgi?db=el&amp;db_id=3475&amp;comment_code=&amp;element=Ru&amp;spectr_charge=1&amp;ref=3475&amp;type=
407.673,407.6723+,980,,,9 057.64,-,33 580.22,4d65s2,a 5D,2,4d<sup>7</sup>(a <sup>4</sup>F)5p,z 3D°,1,,,https://physics.nist.gov/cgi-bin/ASBib1/get_ASBib_ref.cgi?db=el&amp;db_id=3475&amp;comment_code=&amp;element=Ru&amp;spectr_charge=1&amp;ref=3475&amp;type=
408.060,408.0594+,6000,,,6 545.03,-,31 044.35,4d7(a 4F)5s,a 3F,4,4d<sup>7</sup>(a <sup>4</sup>F)5p,z 3D°,3,,,https://physics.nist.gov/cgi-bin/ASBib1/get_ASBib_ref.cgi?db=el&amp;db_id=3475&amp;comment_code=&amp;element=Ru&amp;spectr_charge=1&amp;ref=3475&amp;type=
408.543,408.5423+,310,,,16 712.58,-,41 182.94,4d7(a 2D)5s,a 3D,1,4d<sup>7</sup>(a <sup>2</sup>D)5p,x 3F°,2,,,https://physics.nist.gov/cgi-bin/ASBib1/get_ASBib_ref.cgi?db=el&amp;db_id=3475&amp;comment_code=&amp;element=Ru&amp;spectr_charge=1&amp;ref=3475&amp;type=
409.779,409.7782+,930,,,9 183.66,-,33 580.22,4d7(a 4F)5s,a 3F,2,4d<sup>7</sup>(a <sup>4</sup>F)5p,z 3D°,1,,,https://physics.nist.gov/cgi-bin/ASBib1/get_ASBib_ref.cgi?db=el&amp;db_id=3475&amp;comment_code=&amp;element=Ru&amp;spectr_charge=1&amp;ref=3475&amp;type=
410.174,410.1741+,350,,,9 057.64,-,33 430.65,4d65s2,a 5D,2,4d<sup>6</sup>5s(a <sup>6</sup>D)5p,y 5D°,3,,,https://physics.nist.gov/cgi-bin/ASBib1/get_ASBib_ref.cgi?db=el&amp;db_id=3475&amp;comment_code=&amp;element=Ru&amp;spectr_charge=1&amp;ref=3475&amp;type=
411.274,411.2740+,1900,,,8 084.12,-,32 391.95,4d7(a 4F)5s,a 3F,3,4d<sup>7</sup>(a <sup>4</sup>F)5p,z 3F°,3,,,https://physics.nist.gov/cgi-bin/ASBib1/get_ASBib_ref.cgi?db=el&amp;db_id=3475&amp;comment_code=&amp;element=Ru&amp;spectr_charge=1&amp;ref=3475&amp;type=
414.416,414.4162+,2000,,,8 084.12,-,32 207.65,4d7(a 4F)5s,a 3F,3,4d<sup>7</sup>(a <sup>4</sup>F)5p,z 3D°,2,,,https://physics.nist.gov/cgi-bin/ASBib1/get_ASBib_ref.cgi?db=el&amp;db_id=3475&amp;comment_code=&amp;element=Ru&amp;spectr_charge=1&amp;ref=3475&amp;type=
414.574,414.5734+,650,,,9 057.64,-,33 172.02,4d65s2,a 5D,2,4d<sup>7</sup>(a <sup>4</sup>F)5p,z 3F°,2,,,https://physics.nist.gov/cgi-bin/ASBib1/get_ASBib_ref.cgi?db=el&amp;db_id=3475&amp;comment_code=&amp;element=Ru&amp;spectr_charge=1&amp;ref=3475&amp;type=
414.677,414.6768+,260,,,9 620.29,-,33 728.66,4d7(a 4P)5s,a 5P,1,4d<sup>6</sup>5s(a <sup>6</sup>D)5p,y 5D°,2,,,https://physics.nist.gov/cgi-bin/ASBib1/get_ASBib_ref.cgi?db=el&amp;db_id=3475&amp;comment_code=&amp;element=Ru&amp;spectr_charge=1&amp;ref=3475&amp;type=
416.751,416.7514+,870,,,9 183.66,-,33 172.02,4d7(a 4F)5s,a 3F,2,4d<sup>7</sup>(a <sup>4</sup>F)5p,z 3F°,2,,,https://physics.nist.gov/cgi-bin/ASBib1/get_ASBib_ref.cgi?db=el&amp;db_id=3475&amp;comment_code=&amp;element=Ru&amp;spectr_charge=1&amp;ref=3475&amp;type=
419.758,419.7582+,550,,,8 575.42,-,32 391.95,4d65s2,a 5D,3,4d<sup>7</sup>(a <sup>4</sup>F)5p,z 3F°,3,,,https://physics.nist.gov/cgi-bin/ASBib1/get_ASBib_ref.cgi?db=el&amp;db_id=3475&amp;comment_code=&amp;element=Ru&amp;spectr_charge=1&amp;ref=3475&amp;type=
419.888,419.8872+,550,,,8 043.69,-,31 852.90,4d7(a 4P)5s,a 5P,2,4d<sup>7</sup>(a <sup>4</sup>F)5p,z 3G°,3,,,https://physics.nist.gov/cgi-bin/ASBib1/get_ASBib_ref.cgi?db=el&amp;db_id=3475&amp;comment_code=&amp;element=Ru&amp;spectr_charge=1&amp;ref=3475&amp;type=
419.990,419.9894+,7600,3.99e+07,,6 545.03,-,30 348.45,4d7(a 4F)5s,a 3F,4,4d<sup>7</sup>(a <sup>4</sup>F)5p,z 3F°,4,,https://physics.nist.gov/cgi-bin/ASBib1/get_ASBib_ref.cgi?db=tp&amp;db_id=6131&amp;comment_code=&amp;element=Ru&amp;spectr_charge=1&amp;ref=6131&amp;type=,https://physics.nist.gov/cgi-bin/ASBib1/get_ASBib_ref.cgi?db=el&amp;db_id=3475&amp;comment_code=&amp;element=Ru&amp;spectr_charge=1&amp;ref=3475&amp;type=
420.602,420.601+,1500,,,8 084.12,-,31 852.90,4d7(a 4F)5s,a 3F,3,4d<sup>7</sup>(a <sup>4</sup>F)5p,z 3G°,3,,,https://physics.nist.gov/cgi-bin/ASBib1/get_ASBib_ref.cgi?db=el&amp;db_id=3475&amp;comment_code=&amp;element=Ru&amp;spectr_charge=1&amp;ref=3475&amp;type=
421.206,421.206+,5400,,,6 545.03,-,30 279.68,4d7(a 4F)5s,a 3F,4,4d<sup>7</sup>(a <sup>4</sup>F)5p,z 5G°,5,,,https://physics.nist.gov/cgi-bin/ASBib1/get_ASBib_ref.cgi?db=el&amp;db_id=3475&amp;comment_code=&amp;element=Ru&amp;spectr_charge=1&amp;ref=3475&amp;type=
421.444,421.444+,760,,,13 645.75,-,37 367.02,4d7(a 4P)5s,b 3P,2,4d<sup>7</sup>(a <sup>4</sup>P)5p,x 5D°,3,,,https://physics.nist.gov/cgi-bin/ASBib1/get_ASBib_ref.cgi?db=el&amp;db_id=3475&amp;comment_code=&amp;element=Ru&amp;spectr_charge=1&amp;ref=3475&amp;type=
421.727,421.727+,930,,,6 545.03,-,30 250.40,4d7(a 4F)5s,a 3F,4,4d<sup>6</sup>5s(a <sup>6</sup>D)5p,z 7P°,4,,,https://physics.nist.gov/cgi-bin/ASBib1/get_ASBib_ref.cgi?db=el&amp;db_id=3475&amp;comment_code=&amp;element=Ru&amp;spectr_charge=1&amp;ref=3475&amp;type=
422.068,422.068+,370,,,13 981.67,-,37 667.86,4d7(a 4P)5s,b 3P,1,4d<sup>7</sup>(a <sup>4</sup>P)5p,x 5D°,2,,,https://physics.nist.gov/cgi-bin/ASBib1/get_ASBib_ref.cgi?db=el&amp;db_id=3475&amp;comment_code=&amp;element=Ru&amp;spectr_charge=1&amp;ref=3475&amp;type=
423.031,423.032+,550,,,8 575.42,-,32 207.65,4d65s2,a 5D,3,4d<sup>7</sup>(a <sup>4</sup>F)5p,z 3D°,2,,,https://physics.nist.gov/cgi-bin/ASBib1/get_ASBib_ref.cgi?db=el&amp;db_id=3475&amp;comment_code=&amp;element=Ru&amp;spectr_charge=1&amp;ref=3475&amp;type=
424.105,424.106+,760,,,8 770.93,-,32 343.30,4d7(a 4P)5s,a 5P,3,4d<sup>6</sup>5s(a <sup>6</sup>D)5p,z 7P°,2,,,https://physics.nist.gov/cgi-bin/ASBib1/get_ASBib_ref.cgi?db=el&amp;db_id=3475&amp;comment_code=&amp;element=Ru&amp;spectr_charge=1&amp;ref=3475&amp;type=
424.306,424.306+,760,,,7 483.07,-,31 044.35,4d65s2,a 5D,4,4d<sup>7</sup>(a <sup>4</sup>F)5p,z 3D°,3,,,https://physics.nist.gov/cgi-bin/ASBib1/get_ASBib_ref.cgi?db=el&amp;db_id=3475&amp;comment_code=&amp;element=Ru&amp;spectr_charge=1&amp;ref=3475&amp;type=
424.673,424.674+,370,,,20 055.71,-,43 596.58,4d7(a 2H)5s,a 1H,5,4d<sup>7</sup>(a <sup>2</sup>H)5p,y 1H°,5,,,https://physics.nist.gov/cgi-bin/ASBib1/get_ASBib_ref.cgi?db=el&amp;db_id=3475&amp;comment_code=&amp;element=Ru&amp;spectr_charge=1&amp;ref=3475&amp;type=
425.899,425.899+,310,,,13 645.75,-,37 118.90,4d7(a 4P)5s,b 3P,2,4d<sup>7</sup>(a <sup>4</sup>P)5p,z 3P°,2,,,https://physics.nist.gov/cgi-bin/ASBib1/get_ASBib_ref.cgi?db=el&amp;db_id=3475&amp;comment_code=&amp;element=Ru&amp;spectr_charge=1&amp;ref=3475&amp;type=
428.433,428.433+,760,,,9 057.64,-,32 391.95,4d65s2,a 5D,2,4d<sup>7</sup>(a <sup>4</sup>F)5p,z 3F°,3,,,https://physics.nist.gov/cgi-bin/ASBib1/get_ASBib_ref.cgi?db=el&amp;db_id=3475&amp;comment_code=&amp;element=Ru&amp;spectr_charge=1&amp;ref=3475&amp;type=
429.328,429.328+,220,,,9 057.64,-,32 343.30,4d65s2,a 5D,2,4d<sup>6</sup>5s(a <sup>6</sup>D)5p,z 7P°,2,,,https://physics.nist.gov/cgi-bin/ASBib1/get_ASBib_ref.cgi?db=el&amp;db_id=3475&amp;comment_code=&amp;element=Ru&amp;spectr_charge=1&amp;ref=3475&amp;type=
429.479,429.479+,260,,,8 575.42,-,31 852.90,4d65s2,a 5D,3,4d<sup>7</sup>(a <sup>4</sup>F)5p,z 3G°,3,,,https://physics.nist.gov/cgi-bin/ASBib1/get_ASBib_ref.cgi?db=el&amp;db_id=3475&amp;comment_code=&amp;element=Ru&amp;spectr_charge=1&amp;ref=3475&amp;type=
429.593,429.593+,550,,,9 120.63,-,32 391.95,4d8,b 3F,4,4d<sup>7</sup>(a <sup>4</sup>F)5p,z 3F°,3,,,https://physics.nist.gov/cgi-bin/ASBib1/get_ASBib_ref.cgi?db=el&amp;db_id=3475&amp;comment_code=&amp;element=Ru&amp;spectr_charge=1&amp;ref=3475&amp;type=
429.771,429.771+,3700,,,8 084.12,-,31 345.79,4d7(a 4F)5s,a 3F,3,4d<sup>7</sup>(a <sup>4</sup>F)5p,z 5G°,4,,,https://physics.nist.gov/cgi-bin/ASBib1/get_ASBib_ref.cgi?db=el&amp;db_id=3475&amp;comment_code=&amp;element=Ru&amp;spectr_charge=1&amp;ref=3475&amp;type=
430.760,430.759+,930,,,9 183.66,-,32 391.95,4d7(a 4F)5s,a 3F,2,4d<sup>7</sup>(a <sup>4</sup>F)5p,z 3F°,3,,,https://physics.nist.gov/cgi-bin/ASBib1/get_ASBib_ref.cgi?db=el&amp;db_id=3475&amp;comment_code=&amp;element=Ru&amp;spectr_charge=1&amp;ref=3475&amp;type=
431.843,431.844+,370,,,9 057.64,-,32 207.65,4d65s2,a 5D,2,4d<sup>7</sup>(a <sup>4</sup>F)5p,z 3D°,2,,,https://physics.nist.gov/cgi-bin/ASBib1/get_ASBib_ref.cgi?db=el&amp;db_id=3475&amp;comment_code=&amp;element=Ru&amp;spectr_charge=1&amp;ref=3475&amp;type=
431.987,431.987+,550,,,8 043.69,-,31 186.03,4d7(a 4P)5s,a 5P,2,4d<sup>7</sup>(a <sup>4</sup>P)5p,z 5S°,2,,,https://physics.nist.gov/cgi-bin/ASBib1/get_ASBib_ref.cgi?db=el&amp;db_id=3475&amp;comment_code=&amp;element=Ru&amp;spectr_charge=1&amp;ref=3475&amp;type=
434.207,434.208+,550,,,9 183.66,-,32 207.65,4d7(a 4F)5s,a 3F,2,4d<sup>7</sup>(a <sup>4</sup>F)5p,z 3D°,2,,,https://physics.nist.gov/cgi-bin/ASBib1/get_ASBib_ref.cgi?db=el&amp;db_id=3475&amp;comment_code=&amp;element=Ru&amp;spectr_charge=1&amp;ref=3475&amp;type=
434.970,434.970+,350,,,13 981.67,-,36 965.28,4d7(a 4P)5s,b 3P,1,4d<sup>7</sup>(a <sup>4</sup>P)5p,y 3D°,2,,,https://physics.nist.gov/cgi-bin/ASBib1/get_ASBib_ref.cgi?db=el&amp;db_id=3475&amp;comment_code=&amp;element=Ru&amp;spectr_charge=1&amp;ref=3475&amp;type=
435.413,435.413+,710,,,8 084.12,-,31 044.35,4d7(a 4F)5s,a 3F,3,4d<sup>7</sup>(a <sup>4</sup>F)5p,z 3D°,3,,,https://physics.nist.gov/cgi-bin/ASBib1/get_ASBib_ref.cgi?db=el&amp;db_id=3475&amp;comment_code=&amp;element=Ru&amp;spectr_charge=1&amp;ref=3475&amp;type=
436.121,436.120+,870,,,6 545.03,-,29 468.04,4d7(a 4F)5s,a 3F,4,4d<sup>6</sup>5s(a <sup>6</sup>D)5p,z 7F°,5,,,https://physics.nist.gov/cgi-bin/ASBib1/get_ASBib_ref.cgi?db=el&amp;db_id=3475&amp;comment_code=&amp;element=Ru&amp;spectr_charge=1&amp;ref=3475&amp;type=
437.221,437.220+,2400,,,7 483.07,-,30 348.45,4d65s2,a 5D,4,4d<sup>7</sup>(a <sup>4</sup>F)5p,z 3F°,4,,,https://physics.nist.gov/cgi-bin/ASBib1/get_ASBib_ref.cgi?db=el&amp;db_id=3475&amp;comment_code=&amp;element=Ru&amp;spectr_charge=1&amp;ref=3475&amp;type=
438.539,438.539+,870,,,7 483.07,-,30 279.68,4d65s2,a 5D,4,4d<sup>7</sup>(a <sup>4</sup>F)5p,z 5G°,5,,,https://physics.nist.gov/cgi-bin/ASBib1/get_ASBib_ref.cgi?db=el&amp;db_id=3475&amp;comment_code=&amp;element=Ru&amp;spectr_charge=1&amp;ref=3475&amp;type=
438.565,438.564+,1300,,,9 057.64,-,31 852.90,4d65s2,a 5D,2,4d<sup>7</sup>(a <sup>4</sup>F)5p,z 3G°,3,,,https://physics.nist.gov/cgi-bin/ASBib1/get_ASBib_ref.cgi?db=el&amp;db_id=3475&amp;comment_code=&amp;element=Ru&amp;spectr_charge=1&amp;ref=3475&amp;type=
439.044,439.044+,1700,,,8 575.42,-,31 345.79,4d65s2,a 5D,3,4d<sup>7</sup>(a <sup>4</sup>F)5p,z 5G°,4,,,https://physics.nist.gov/cgi-bin/ASBib1/get_ASBib_ref.cgi?db=el&amp;db_id=3475&amp;comment_code=&amp;element=Ru&amp;spectr_charge=1&amp;ref=3475&amp;type=
441.003,441.003+,1600,,,9 183.66,-,31 852.90,4d7(a 4F)5s,a 3F,2,4d<sup>7</sup>(a <sup>4</sup>F)5p,z 3G°,3,,,https://physics.nist.gov/cgi-bin/ASBib1/get_ASBib_ref.cgi?db=el&amp;db_id=3475&amp;comment_code=&amp;element=Ru&amp;spectr_charge=1&amp;ref=3475&amp;type=
442.146,442.146+,160,,,8 575.42,-,31 186.03,4d65s2,a 5D,3,4d<sup>7</sup>(a <sup>4</sup>P)5p,z 5S°,2,,,https://physics.nist.gov/cgi-bin/ASBib1/get_ASBib_ref.cgi?db=el&amp;db_id=3475&amp;comment_code=&amp;element=Ru&amp;spectr_charge=1&amp;ref=3475&amp;type=
442.846,442.846+,330,,,8 770.93,-,31 345.79,4d7(a 4P)5s,a 5P,3,4d<sup>7</sup>(a <sup>4</sup>F)5p,z 5G°,4,,,https://physics.nist.gov/cgi-bin/ASBib1/get_ASBib_ref.cgi?db=el&amp;db_id=3475&amp;comment_code=&amp;element=Ru&amp;spectr_charge=1&amp;ref=3475&amp;type=
443.976,443.976+,460,,,10 654.62,-,33 172.02,4d8,b 3F,3,4d<sup>7</sup>(a <sup>4</sup>F)5p,z 3F°,2,,,https://physics.nist.gov/cgi-bin/ASBib1/get_ASBib_ref.cgi?db=el&amp;db_id=3475&amp;comment_code=&amp;element=Ru&amp;spectr_charge=1&amp;ref=3475&amp;type=
444.934,444.934+,440,,,8 575.42,-,31 044.35,4d65s2,a 5D,3,4d<sup>7</sup>(a <sup>4</sup>F)5p,z 3D°,3,,,https://physics.nist.gov/cgi-bin/ASBib1/get_ASBib_ref.cgi?db=el&amp;db_id=3475&amp;comment_code=&amp;element=Ru&amp;spectr_charge=1&amp;ref=3475&amp;type=
446.004,446.003+,1100,,,8 770.93,-,31 186.03,4d7(a 4P)5s,a 5P,3,4d<sup>7</sup>(a <sup>4</sup>P)5p,z 5S°,2,,,https://physics.nist.gov/cgi-bin/ASBib1/get_ASBib_ref.cgi?db=el&amp;db_id=3475&amp;comment_code=&amp;element=Ru&amp;spectr_charge=1&amp;ref=3475&amp;type=
447.393,447.393+,190,,,6 545.03,-,28 890.47,4d7(a 4F)5s,a 3F,4,4d<sup>7</sup>(a <sup>4</sup>F)5p,z 5F°,3,,,https://physics.nist.gov/cgi-bin/ASBib1/get_ASBib_ref.cgi?db=el&amp;db_id=3475&amp;comment_code=&amp;element=Ru&amp;spectr_charge=1&amp;ref=3475&amp;type=
448.045,448.045+,150,,,15 054.07,-,37 367.02,4d7(a 2D)5s,a 3D,2,4d<sup>7</sup>(a <sup>4</sup>P)5p,x 5D°,3,,,https://physics.nist.gov/cgi-bin/ASBib1/get_ASBib_ref.cgi?db=el&amp;db_id=3475&amp;comment_code=&amp;element=Ru&amp;spectr_charge=1&amp;ref=3475&amp;type=
449.814,449.814+,350,,,9 120.63,-,31 345.79,4d8,b 3F,4,4d<sup>7</sup>(a <sup>4</sup>F)5p,z 5G°,4,,,https://physics.nist.gov/cgi-bin/ASBib1/get_ASBib_ref.cgi?db=el&amp;db_id=3475&amp;comment_code=&amp;element=Ru&amp;spectr_charge=1&amp;ref=3475&amp;type=
451.010,451.009+,120,,,8 084.12,-,30 250.40,4d7(a 4F)5s,a 3F,3,4d<sup>6</sup>5s(a <sup>6</sup>D)5p,z 7P°,4,,,https://physics.nist.gov/cgi-bin/ASBib1/get_ASBib_ref.cgi?db=el&amp;db_id=3475&amp;comment_code=&amp;element=Ru&amp;spectr_charge=1&amp;ref=3475&amp;type=
451.689,451.689+,220,,,11 447.31,-,33 580.22,4d8,b 3F,2,4d<sup>7</sup>(a <sup>4</sup>F)5p,z 3D°,1,,,https://physics.nist.gov/cgi-bin/ASBib1/get_ASBib_ref.cgi?db=el&amp;db_id=3475&amp;comment_code=&amp;element=Ru&amp;spectr_charge=1&amp;ref=3475&amp;type=
451.782,451.781+,220,,,9 057.64,-,31 186.03,4d65s2,a 5D,2,4d<sup>7</sup>(a <sup>4</sup>P)5p,z 5S°,2,,,https://physics.nist.gov/cgi-bin/ASBib1/get_ASBib_ref.cgi?db=el&amp;db_id=3475&amp;comment_code=&amp;element=Ru&amp;spectr_charge=1&amp;ref=3475&amp;type=
452.095,452.095+,110,,,9 072.98,-,31 186.03,4d65s2,a 5D,1,4d<sup>7</sup>(a <sup>4</sup>P)5p,z 5S°,2,,,https://physics.nist.gov/cgi-bin/ASBib1/get_ASBib_ref.cgi?db=el&amp;db_id=3475&amp;comment_code=&amp;element=Ru&amp;spectr_charge=1&amp;ref=3475&amp;type=
454.733,454.729+,170,,,7 483.07,-,29 468.04,4d65s2,a 5D,4,4d<sup>6</sup>5s(a <sup>6</sup>D)5p,z 7F°,5,,,https://physics.nist.gov/cgi-bin/ASBib1/get_ASBib_ref.cgi?db=el&amp;db_id=3475&amp;comment_code=&amp;element=Ru&amp;spectr_charge=1&amp;ref=3475&amp;type=
454.785,454.786+,110,,,13 981.67,-,35 963.87,4d7(a 4P)5s,b 3P,1,4d<sup>6</sup>5s(a <sup>6</sup>D)5p,y 5F°,2,,,https://physics.nist.gov/cgi-bin/ASBib1/get_ASBib_ref.cgi?db=el&amp;db_id=3475&amp;comment_code=&amp;element=Ru&amp;spectr_charge=1&amp;ref=3475&amp;type=
455.451,455.452+,5400,,,6 545.03,-,28 495.10,4d7(a 4F)5s,a 3F,4,4d<sup>7</sup>(a <sup>4</sup>F)5p,z 3G°,5,,,https://physics.nist.gov/cgi-bin/ASBib1/get_ASBib_ref.cgi?db=el&amp;db_id=3475&amp;comment_code=&amp;element=Ru&amp;spectr_charge=1&amp;ref=3475&amp;type=
455.998,455.999+,110,,,9 120.63,-,31 044.35,4d8,b 3F,4,4d<sup>7</sup>(a <sup>4</sup>F)5p,z 3D°,3,,,https://physics.nist.gov/cgi-bin/ASBib1/get_ASBib_ref.cgi?db=el&amp;db_id=3475&amp;comment_code=&amp;element=Ru&amp;spectr_charge=1&amp;ref=3475&amp;type=
458.444,458.444+,1700,,,8 084.12,-,29 890.91,4d7(a 4F)5s,a 3F,3,4d<sup>7</sup>(a <sup>4</sup>F)5p,z 3G°,4,,,https://physics.nist.gov/cgi-bin/ASBib1/get_ASBib_ref.cgi?db=el&amp;db_id=3475&amp;comment_code=&amp;element=Ru&amp;spectr_charge=1&amp;ref=3475&amp;type=
459.110,459.111+,110,,,9 183.66,-,30 958.80,4d7(a 4F)5s,a 3F,2,4d<sup>7</sup>(a <sup>4</sup>F)5p,z 5G°,2,,,https://physics.nist.gov/cgi-bin/ASBib1/get_ASBib_ref.cgi?db=el&amp;db_id=3475&amp;comment_code=&amp;element=Ru&amp;spectr_charge=1&amp;ref=3475&amp;type=
459.252,459.252+,150,,,10 623.53,-,32 391.95,4d7(a 2P)5s,a 3P,2,4d<sup>7</sup>(a <sup>4</sup>F)5p,z 3F°,3,,,https://physics.nist.gov/cgi-bin/ASBib1/get_ASBib_ref.cgi?db=el&amp;db_id=3475&amp;comment_code=&amp;element=Ru&amp;spectr_charge=1&amp;ref=3475&amp;type=
459.908,459.909+,330,,,10 654.62,-,32 391.95,4d8,b 3F,3,4d<sup>7</sup>(a <sup>4</sup>F)5p,z 3F°,3,,,https://physics.nist.gov/cgi-bin/ASBib1/get_ASBib_ref.cgi?db=el&amp;db_id=3475&amp;comment_code=&amp;element=Ru&amp;spectr_charge=1&amp;ref=3475&amp;type=
463.569,463.569+,170,,,9 620.29,-,31 186.03,4d7(a 4P)5s,a 5P,1,4d<sup>7</sup>(a <sup>4</sup>P)5p,z 5S°,2,,,https://physics.nist.gov/cgi-bin/ASBib1/get_ASBib_ref.cgi?db=el&amp;db_id=3475&amp;comment_code=&amp;element=Ru&amp;spectr_charge=1&amp;ref=3475&amp;type=
464.509,464.510+,200,,,20 055.71,-,41 577.75,4d7(a 2H)5s,a 1H,5,4d<sup>7</sup>(a <sup>2</sup>H)5p,z 3I°,6,,,https://physics.nist.gov/cgi-bin/ASBib1/get_ASBib_ref.cgi?db=el&amp;db_id=3475&amp;comment_code=&amp;element=Ru&amp;spectr_charge=1&amp;ref=3475&amp;type=
464.761,464.760+,720,,,8 084.12,-,29 594.56,4d7(a 4F)5s,a 3F,3,4d<sup>6</sup>5s(a <sup>6</sup>D)5p,z 7F°,4,,,https://physics.nist.gov/cgi-bin/ASBib1/get_ASBib_ref.cgi?db=el&amp;db_id=3475&amp;comment_code=&amp;element=Ru&amp;spectr_charge=1&amp;ref=3475&amp;type=
465.432,465.432+,290,,,9 057.64,-,30 537.06,4d65s2,a 5D,2,4d<sup>7</sup>(a <sup>4</sup>F)5p,z 5G°,3,,,https://physics.nist.gov/cgi-bin/ASBib1/get_ASBib_ref.cgi?db=el&amp;db_id=3475&amp;comment_code=&amp;element=Ru&amp;spectr_charge=1&amp;ref=3475&amp;type=
468.179,468.178+,290,,,9 183.66,-,30 537.06,4d7(a 4F)5s,a 3F,2,4d<sup>7</sup>(a <sup>4</sup>F)5p,z 5G°,3,,,https://physics.nist.gov/cgi-bin/ASBib1/get_ASBib_ref.cgi?db=el&amp;db_id=3475&amp;comment_code=&amp;element=Ru&amp;spectr_charge=1&amp;ref=3475&amp;type=
468.402,468.402+,190,,,8 084.12,-,29 427.32,4d7(a 4F)5s,a 3F,3,4d<sup>7</sup>(a <sup>4</sup>F)5p,z 5F°,2,,,https://physics.nist.gov/cgi-bin/ASBib1/get_ASBib_ref.cgi?db=el&amp;db_id=3475&amp;comment_code=&amp;element=Ru&amp;spectr_charge=1&amp;ref=3475&amp;type=
469.011,469.011+,290,,,8 575.42,-,29 890.91,4d65s2,a 5D,3,4d<sup>7</sup>(a <sup>4</sup>F)5p,z 3G°,4,,,https://physics.nist.gov/cgi-bin/ASBib1/get_ASBib_ref.cgi?db=el&amp;db_id=3475&amp;comment_code=&amp;element=Ru&amp;spectr_charge=1&amp;ref=3475&amp;type=
470.948,470.948+,1400,,,9 120.63,-,30 348.45,4d8,b 3F,4,4d<sup>7</sup>(a <sup>4</sup>F)5p,z 3F°,4,,,https://physics.nist.gov/cgi-bin/ASBib1/get_ASBib_ref.cgi?db=el&amp;db_id=3475&amp;comment_code=&amp;element=Ru&amp;spectr_charge=1&amp;ref=3475&amp;type=
473.133,473.134+,140,,,9 120.63,-,30 250.40,4d8,b 3F,4,4d<sup>6</sup>5s(a <sup>6</sup>D)5p,z 7P°,4,,,https://physics.nist.gov/cgi-bin/ASBib1/get_ASBib_ref.cgi?db=el&amp;db_id=3475&amp;comment_code=&amp;element=Ru&amp;spectr_charge=1&amp;ref=3475&amp;type=
473.352,473.353+,120,,,8 770.93,-,29 890.91,4d7(a 4P)5s,a 5P,3,4d<sup>7</sup>(a <sup>4</sup>F)5p,z 3G°,4,,,https://physics.nist.gov/cgi-bin/ASBib1/get_ASBib_ref.cgi?db=el&amp;db_id=3475&amp;comment_code=&amp;element=Ru&amp;spectr_charge=1&amp;ref=3475&amp;type=
475.784,475.785+,500,,,7 483.07,-,28 495.10,4d65s2,a 5D,4,4d<sup>7</sup>(a <sup>4</sup>F)5p,z 3G°,5,,,https://physics.nist.gov/cgi-bin/ASBib1/get_ASBib_ref.cgi?db=el&amp;db_id=3475&amp;comment_code=&amp;element=Ru&amp;spectr_charge=1&amp;ref=3475&amp;type=
481.552,481.553+,260,,,11 447.31,-,32 207.65,4d8,b 3F,2,4d<sup>7</sup>(a <sup>4</sup>F)5p,z 3D°,2,,,https://physics.nist.gov/cgi-bin/ASBib1/get_ASBib_ref.cgi?db=el&amp;db_id=3475&amp;comment_code=&amp;element=Ru&amp;spectr_charge=1&amp;ref=3475&amp;type=
484.456,484.456+,120,,,9 057.64,-,29 693.57,4d65s2,a 5D,2,4d<sup>7</sup>(a <sup>4</sup>F)5p,z 5F°,1,,,https://physics.nist.gov/cgi-bin/ASBib1/get_ASBib_ref.cgi?db=el&amp;db_id=3475&amp;comment_code=&amp;element=Ru&amp;spectr_charge=1&amp;ref=3475&amp;type=
486.915,486.915+,550,,,7 483.07,-,28 014.79,4d65s2,a 5D,4,4d<sup>7</sup>(a <sup>4</sup>F)5p,z 5F°,4,,,https://physics.nist.gov/cgi-bin/ASBib1/get_ASBib_ref.cgi?db=el&amp;db_id=3475&amp;comment_code=&amp;element=Ru&amp;spectr_charge=1&amp;ref=3475&amp;type=
489.560,489.560+,160,,,10 623.53,-,31 044.35,4d7(a 2P)5s,a 3P,2,4d<sup>7</sup>(a <sup>4</sup>F)5p,z 3D°,3,,,https://physics.nist.gov/cgi-bin/ASBib1/get_ASBib_ref.cgi?db=el&amp;db_id=3475&amp;comment_code=&amp;element=Ru&amp;spectr_charge=1&amp;ref=3475&amp;type=
490.305,490.306+,470,,,10 654.62,-,31 044.35,4d8,b 3F,3,4d<sup>7</sup>(a <sup>4</sup>F)5p,z 3D°,3,,,https://physics.nist.gov/cgi-bin/ASBib1/get_ASBib_ref.cgi?db=el&amp;db_id=3475&amp;comment_code=&amp;element=Ru&amp;spectr_charge=1&amp;ref=3475&amp;type=
490.789,490.789+,120,,,9 057.64,-,29 427.32,4d65s2,a 5D,2,4d<sup>7</sup>(a <sup>4</sup>F)5p,z 5F°,2,,,https://physics.nist.gov/cgi-bin/ASBib1/get_ASBib_ref.cgi?db=el&amp;db_id=3475&amp;comment_code=&amp;element=Ru&amp;spectr_charge=1&amp;ref=3475&amp;type=
492.107,492.109+,260,,,8 575.42,-,28 890.47,4d65s2,a 5D,3,4d<sup>7</sup>(a <sup>4</sup>F)5p,z 5F°,3,,,https://physics.nist.gov/cgi-bin/ASBib1/get_ASBib_ref.cgi?db=el&amp;db_id=3475&amp;comment_code=&amp;element=Ru&amp;spectr_charge=1&amp;ref=3475&amp;type=
493.843,493.844+,180,,,9 183.66,-,29 427.32,4d7(a 4F)5s,a 3F,2,4d<sup>7</sup>(a <sup>4</sup>F)5p,z 5F°,2,,,https://physics.nist.gov/cgi-bin/ASBib1/get_ASBib_ref.cgi?db=el&amp;db_id=3475&amp;comment_code=&amp;element=Ru&amp;spectr_charge=1&amp;ref=3475&amp;type=
496.890,496.891+,160,,,8 770.93,-,28 890.47,4d7(a 4P)5s,a 5P,3,4d<sup>7</sup>(a <sup>4</sup>F)5p,z 5F°,3,,,https://physics.nist.gov/cgi-bin/ASBib1/get_ASBib_ref.cgi?db=el&amp;db_id=3475&amp;comment_code=&amp;element=Ru&amp;spectr_charge=1&amp;ref=3475&amp;type=
498.035,498.036+,160,,,9 620.29,-,29 693.57,4d7(a 4P)5s,a 5P,1,4d<sup>7</sup>(a <sup>4</sup>F)5p,z 5F°,1,,,https://physics.nist.gov/cgi-bin/ASBib1/get_ASBib_ref.cgi?db=el&amp;db_id=3475&amp;comment_code=&amp;element=Ru&amp;spectr_charge=1&amp;ref=3475&amp;type=
499.274,499.273+,120,,,7 483.07,-,27 506.59,4d65s2,a 5D,4,4d<sup>7</sup>(a <sup>4</sup>F)5p,z 5D°,3,,,https://physics.nist.gov/cgi-bin/ASBib1/get_ASBib_ref.cgi?db=el&amp;db_id=3475&amp;comment_code=&amp;element=Ru&amp;spectr_charge=1&amp;ref=3475&amp;type=
501.123,501.123+,160,,,9 620.29,-,29 569.90,4d7(a 4P)5s,a 5P,1,4d<sup>7</sup>(a <sup>4</sup>F)5p,z 5D°,0,,,https://physics.nist.gov/cgi-bin/ASBib1/get_ASBib_ref.cgi?db=el&amp;db_id=3475&amp;comment_code=&amp;element=Ru&amp;spectr_charge=1&amp;ref=3475&amp;type=
501.495,501.495+,90,,,9 183.66,-,29 118.49,4d7(a 4F)5s,a 3F,2,4d<sup>7</sup>(a <sup>4</sup>F)5p,z 5D°,1,,,https://physics.nist.gov/cgi-bin/ASBib1/get_ASBib_ref.cgi?db=el&amp;db_id=3475&amp;comment_code=&amp;element=Ru&amp;spectr_charge=1&amp;ref=3475&amp;type=
502.618,502.618+,90,,,8 575.42,-,28 465.69,4d65s2,a 5D,3,4d<sup>7</sup>(a <sup>4</sup>F)5p,z 5D°,2,,,https://physics.nist.gov/cgi-bin/ASBib1/get_ASBib_ref.cgi?db=el&amp;db_id=3475&amp;comment_code=&amp;element=Ru&amp;spectr_charge=1&amp;ref=3475&amp;type=
502.816,502.816+,65,,,10 654.62,-,30 537.06,4d8,b 3F,3,4d<sup>7</sup>(a <sup>4</sup>F)5p,z 5G°,3,,,https://physics.nist.gov/cgi-bin/ASBib1/get_ASBib_ref.cgi?db=el&amp;db_id=3475&amp;comment_code=&amp;element=Ru&amp;spectr_charge=1&amp;ref=3475&amp;type=
504.035,504.034+,35,,,20 933.75,-,40 768.15,4d8,c 3P,2,4d<sup>7</sup>(a <sup>2</sup>P)5p,x 3D°,3,,,https://physics.nist.gov/cgi-bin/ASBib1/get_ASBib_ref.cgi?db=el&amp;db_id=3475&amp;comment_code=&amp;element=Ru&amp;spectr_charge=1&amp;ref=3475&amp;type=
504.074,504.074+,35,,,9 057.64,-,28 890.47,4d65s2,a 5D,2,4d<sup>7</sup>(a <sup>4</sup>F)5p,z 5F°,3,,,https://physics.nist.gov/cgi-bin/ASBib1/get_ASBib_ref.cgi?db=el&amp;db_id=3475&amp;comment_code=&amp;element=Ru&amp;spectr_charge=1&amp;ref=3475&amp;type=
504.731,504.731+,65,,,9 620.29,-,29 427.32,4d7(a 4P)5s,a 5P,1,4d<sup>7</sup>(a <sup>4</sup>F)5p,z 5F°,2,,,https://physics.nist.gov/cgi-bin/ASBib1/get_ASBib_ref.cgi?db=el&amp;db_id=3475&amp;comment_code=&amp;element=Ru&amp;spectr_charge=1&amp;ref=3475&amp;type=
505.733,505.732+,450,,,6 545.03,-,26 312.83,4d7(a 4F)5s,a 3F,4,4d<sup>7</sup>(a <sup>4</sup>F)5p,z 5D°,4,,,https://physics.nist.gov/cgi-bin/ASBib1/get_ASBib_ref.cgi?db=el&amp;db_id=3475&amp;comment_code=&amp;element=Ru&amp;spectr_charge=1&amp;ref=3475&amp;type=
506.264,506.265+,21,,,13 981.67,-,33 728.66,4d7(a 4P)5s,b 3P,1,4d<sup>6</sup>5s(a <sup>6</sup>D)5p,y 5D°,2,,,https://physics.nist.gov/cgi-bin/ASBib1/get_ASBib_ref.cgi?db=el&amp;db_id=3475&amp;comment_code=&amp;element=Ru&amp;spectr_charge=1&amp;ref=3475&amp;type=
507.297,507.297+,90,,,9 183.66,-,28 890.47,4d7(a 4F)5s,a 3F,2,4d<sup>7</sup>(a <sup>4</sup>F)5p,z 5F°,3,,,https://physics.nist.gov/cgi-bin/ASBib1/get_ASBib_ref.cgi?db=el&amp;db_id=3475&amp;comment_code=&amp;element=Ru&amp;spectr_charge=1&amp;ref=3475&amp;type=
507.632,507.632+,120,,,10 654.62,-,30 348.45,4d8,b 3F,3,4d<sup>7</sup>(a <sup>4</sup>F)5p,z 3F°,4,,,https://physics.nist.gov/cgi-bin/ASBib1/get_ASBib_ref.cgi?db=el&amp;db_id=3475&amp;comment_code=&amp;element=Ru&amp;spectr_charge=1&amp;ref=3475&amp;type=
509.383,509.383+,200,,,9 492.37,-,29 118.49,4d65s2,a 5D,0,4d<sup>7</sup>(a <sup>4</sup>F)5p,z 5D°,1,,,https://physics.nist.gov/cgi-bin/ASBib1/get_ASBib_ref.cgi?db=el&amp;db_id=3475&amp;comment_code=&amp;element=Ru&amp;spectr_charge=1&amp;ref=3475&amp;type=
510.707,510.707+,80,,,12 816.69,-,32 391.95,4d7(a 2G)5s,a 3G,4,4d<sup>7</sup>(a <sup>4</sup>F)5p,z 3F°,3,,,https://physics.nist.gov/cgi-bin/ASBib1/get_ASBib_ref.cgi?db=el&amp;db_id=3475&amp;comment_code=&amp;element=Ru&amp;spectr_charge=1&amp;ref=3475&amp;type=
512.373,512.376+,24,,,11 447.31,-,30 958.80,4d8,b 3F,2,4d<sup>7</sup>(a <sup>4</sup>F)5p,z 5G°,2,,,https://physics.nist.gov/cgi-bin/ASBib1/get_ASBib_ref.cgi?db=el&amp;db_id=3475&amp;comment_code=&amp;element=Ru&amp;spectr_charge=1&amp;ref=3475&amp;type=
512.726,512.725+,55,,,9 620.29,-,29 118.49,4d7(a 4P)5s,a 5P,1,4d<sup>7</sup>(a <sup>4</sup>F)5p,z 5D°,1,,,https://physics.nist.gov/cgi-bin/ASBib1/get_ASBib_ref.cgi?db=el&amp;db_id=3475&amp;comment_code=&amp;element=Ru&amp;spectr_charge=1&amp;ref=3475&amp;type=
513.389,513.390+,65,,,13 699.07,-,33 172.02,4d7(a 2G)5s,a 3G,3,4d<sup>7</sup>(a <sup>4</sup>F)5p,z 3F°,2,,,https://physics.nist.gov/cgi-bin/ASBib1/get_ASBib_ref.cgi?db=el&amp;db_id=3475&amp;comment_code=&amp;element=Ru&amp;spectr_charge=1&amp;ref=3475&amp;type=
513.655,513.655+,530,,,8 043.69,-,27 506.59,4d7(a 4P)5s,a 5P,2,4d<sup>7</sup>(a <sup>4</sup>F)5p,z 5D°,3,,,https://physics.nist.gov/cgi-bin/ASBib1/get_ASBib_ref.cgi?db=el&amp;db_id=3475&amp;comment_code=&amp;element=Ru&amp;spectr_charge=1&amp;ref=3475&amp;type=
514.276,514.277+,170,,,8 575.42,-,28 014.79,4d65s2,a 5D,3,4d<sup>7</sup>(a <sup>4</sup>F)5p,z 5F°,4,,,https://physics.nist.gov/cgi-bin/ASBib1/get_ASBib_ref.cgi?db=el&amp;db_id=3475&amp;comment_code=&amp;element=Ru&amp;spectr_charge=1&amp;ref=3475&amp;type=
514.724,514.724+,250,,,8 084.12,-,27 506.59,4d7(a 4F)5s,a 3F,3,4d<sup>7</sup>(a <sup>4</sup>F)5p,z 5D°,3,,,https://physics.nist.gov/cgi-bin/ASBib1/get_ASBib_ref.cgi?db=el&amp;db_id=3475&amp;comment_code=&amp;element=Ru&amp;spectr_charge=1&amp;ref=3475&amp;type=
515.107,515.107+,110,,,9 057.64,-,28 465.69,4d65s2,a 5D,2,4d<sup>7</sup>(a <sup>4</sup>F)5p,z 5D°,2,,,https://physics.nist.gov/cgi-bin/ASBib1/get_ASBib_ref.cgi?db=el&amp;db_id=3475&amp;comment_code=&amp;element=Ru&amp;spectr_charge=1&amp;ref=3475&amp;type=
515.320,515.321+,55,,,11 786.05,-,31 186.03,4d7(a 2P)5s,a 3P,1,4d<sup>7</sup>(a <sup>4</sup>P)5p,z 5S°,2,,,https://physics.nist.gov/cgi-bin/ASBib1/get_ASBib_ref.cgi?db=el&amp;db_id=3475&amp;comment_code=&amp;element=Ru&amp;spectr_charge=1&amp;ref=3475&amp;type=
515.514,515.514+,500,,,9 072.98,-,28 465.69,4d65s2,a 5D,1,4d<sup>7</sup>(a <sup>4</sup>F)5p,z 5D°,2,,,https://physics.nist.gov/cgi-bin/ASBib1/get_ASBib_ref.cgi?db=el&amp;db_id=3475&amp;comment_code=&amp;element=Ru&amp;spectr_charge=1&amp;ref=3475&amp;type=
516.000,515.999+,55,,,9 120.63,-,28 495.10,4d8,b 3F,4,4d<sup>7</sup>(a <sup>4</sup>F)5p,z 3G°,5,,,https://physics.nist.gov/cgi-bin/ASBib1/get_ASBib_ref.cgi?db=el&amp;db_id=3475&amp;comment_code=&amp;element=Ru&amp;spectr_charge=1&amp;ref=3475&amp;type=
517.103,517.102+,920,,,7 483.07,-,26 816.23,4d65s2,a 5D,4,4d<sup>7</sup>(a <sup>4</sup>F)5p,z 5F°,5,,,https://physics.nist.gov/cgi-bin/ASBib1/get_ASBib_ref.cgi?db=el&amp;db_id=3475&amp;comment_code=&amp;element=Ru&amp;spectr_charge=1&amp;ref=3475&amp;type=
519.502,519.502+,180,,,8 770.93,-,28 014.79,4d7(a 4P)5s,a 5P,3,4d<sup>7</sup>(a <sup>4</sup>F)5p,z 5F°,4,,,https://physics.nist.gov/cgi-bin/ASBib1/get_ASBib_ref.cgi?db=el&amp;db_id=3475&amp;comment_code=&amp;element=Ru&amp;spectr_charge=1&amp;ref=3475&amp;type=
519.987,519.988+,80,,,29 160.46,-,48 386.33,4d65s(a 6D)5p,z 7F°,6,4d<sup>6</sup>5s(a <sup>6</sup>D)6s,e 7D,5,,,https://physics.nist.gov/cgi-bin/ASBib1/get_ASBib_ref.cgi?db=el&amp;db_id=3475&amp;comment_code=&amp;element=Ru&amp;spectr_charge=1&amp;ref=3475&amp;type=
520.212,520.212+,45,,,20 055.71,-,39 273.28,4d7(a 2H)5s,a 1H,5,4d<sup>7</sup>(a <sup>2</sup>G)5p,z 3H°,4,,,https://physics.nist.gov/cgi-bin/ASBib1/get_ASBib_ref.cgi?db=el&amp;db_id=3475&amp;comment_code=&amp;element=Ru&amp;spectr_charge=1&amp;ref=3475&amp;type=
521.3440,,45,,,,,,,,,,,,,,https://physics.nist.gov/cgi-bin/ASBib1/get_ASBib_ref.cgi?db=el&amp;db_id=16319&amp;comment_code=&amp;element=Ru&amp;spectr_charge=1&amp;ref=16319&amp;type=
522.355,522.355+,65,,,12 207.05,-,31 345.79,4d7(a 2G)5s,a 3G,5,4d<sup>7</sup>(a <sup>4</sup>F)5p,z 5G°,4,,,https://physics.nist.gov/cgi-bin/ASBib1/get_ASBib_ref.cgi?db=el&amp;db_id=3475&amp;comment_code=&amp;element=Ru&amp;spectr_charge=1&amp;ref=3475&amp;type=
524.238,524.237+,40,,,10 623.53,-,29 693.57,4d7(a 2P)5s,a 3P,2,4d<sup>7</sup>(a <sup>4</sup>F)5p,z 5F°,1,,,https://physics.nist.gov/cgi-bin/ASBib1/get_ASBib_ref.cgi?db=el&amp;db_id=3475&amp;comment_code=&amp;element=Ru&amp;spectr_charge=1&amp;ref=3475&amp;type=
525.167,525.168+,55,,,12 816.69,-,31 852.90,4d7(a 2G)5s,a 3G,4,4d<sup>7</sup>(a <sup>4</sup>F)5p,z 3G°,3,,,https://physics.nist.gov/cgi-bin/ASBib1/get_ASBib_ref.cgi?db=el&amp;db_id=3475&amp;comment_code=&amp;element=Ru&amp;spectr_charge=1&amp;ref=3475&amp;type=
525.707,525.708+,40,,,30 537.06,-,49 553.73,4d7(a 4F)5p,z 5G°,3,4d<sup>7</sup>(a <sup>4</sup>F)5d?,e 5G,3,,,https://physics.nist.gov/cgi-bin/ASBib1/get_ASBib_ref.cgi?db=el&amp;db_id=3475&amp;comment_code=&amp;element=Ru&amp;spectr_charge=1&amp;ref=3475&amp;type=
526.647,526.646+,40,,,20 933.75,-,39 916.54,4d8,c 3P,2,4d<sup>7</sup>(a <sup>2</sup>P)5p,y 3P°,1,,,https://physics.nist.gov/cgi-bin/ASBib1/get_ASBib_ref.cgi?db=el&amp;db_id=3475&amp;comment_code=&amp;element=Ru&amp;spectr_charge=1&amp;ref=3475&amp;type=
526.683,526.683+,40,,,20 055.71,-,39 037.18,4d7(a 2H)5s,a 1H,5,4d<sup>7</sup>(a <sup>2</sup>G)5p,z 1G°,4,,,https://physics.nist.gov/cgi-bin/ASBib1/get_ASBib_ref.cgi?db=el&amp;db_id=3475&amp;comment_code=&amp;element=Ru&amp;spectr_charge=1&amp;ref=3475&amp;type=
528.082,528.082+,40,,,8 575.42,-,27 506.59,4d65s2,a 5D,3,4d<sup>7</sup>(a <sup>4</sup>F)5p,z 5D°,3,,,https://physics.nist.gov/cgi-bin/ASBib1/get_ASBib_ref.cgi?db=el&amp;db_id=3475&amp;comment_code=&amp;element=Ru&amp;spectr_charge=1&amp;ref=3475&amp;type=
528.408,528.409+,130,,,6 545.03,-,25 464.49,4d7(a 4F)5s,a 3F,4,4d<sup>6</sup>5s(a <sup>6</sup>D)5p,z 7D°,4,,,https://physics.nist.gov/cgi-bin/ASBib1/get_ASBib_ref.cgi?db=el&amp;db_id=3475&amp;comment_code=&amp;element=Ru&amp;spectr_charge=1&amp;ref=3475&amp;type=
529.116,529.117+,40,,,9 120.63,-,28 014.79,4d8,b 3F,4,4d<sup>7</sup>(a <sup>4</sup>F)5p,z 5F°,4,,,https://physics.nist.gov/cgi-bin/ASBib1/get_ASBib_ref.cgi?db=el&amp;db_id=3475&amp;comment_code=&amp;element=Ru&amp;spectr_charge=1&amp;ref=3475&amp;type=
530.486,530.486+,80,,,9 620.29,-,28 465.69,4d7(a 4P)5s,a 5P,1,4d<sup>7</sup>(a <sup>4</sup>F)5p,z 5D°,2,,,https://physics.nist.gov/cgi-bin/ASBib1/get_ASBib_ref.cgi?db=el&amp;db_id=3475&amp;comment_code=&amp;element=Ru&amp;spectr_charge=1&amp;ref=3475&amp;type=
530.927,530.927+,260,,,7 483.07,-,26 312.83,4d65s2,a 5D,4,4d<sup>7</sup>(a <sup>4</sup>F)5p,z 5D°,4,,,https://physics.nist.gov/cgi-bin/ASBib1/get_ASBib_ref.cgi?db=el&amp;db_id=3475&amp;comment_code=&amp;element=Ru&amp;spectr_charge=1&amp;ref=3475&amp;type=
531.533,531.533+,13,,,20 933.75,-,39 742.03,4d8,c 3P,2,4d<sup>7</sup>(a <sup>2</sup>P)5p,y 3P°,2,,,https://physics.nist.gov/cgi-bin/ASBib1/get_ASBib_ref.cgi?db=el&amp;db_id=3475&amp;comment_code=&amp;element=Ru&amp;spectr_charge=1&amp;ref=3475&amp;type=
533.293,533.293+,40,,,13 645.75,-,32 391.95,4d7(a 4P)5s,b 3P,2,4d<sup>7</sup>(a <sup>4</sup>F)5p,z 3F°,3,,,https://physics.nist.gov/cgi-bin/ASBib1/get_ASBib_ref.cgi?db=el&amp;db_id=3475&amp;comment_code=&amp;element=Ru&amp;spectr_charge=1&amp;ref=3475&amp;type=
533.4716,,45w,,,,,,,,,,,,,,https://physics.nist.gov/cgi-bin/ASBib1/get_ASBib_ref.cgi?db=el&amp;db_id=16319&amp;comment_code=&amp;element=Ru&amp;spectr_charge=1&amp;ref=16319&amp;type=
533.593,533.593+,110,,,8 770.93,-,27 506.59,4d7(a 4P)5s,a 5P,3,4d<sup>7</sup>(a <sup>4</sup>F)5p,z 5D°,3,,,https://physics.nist.gov/cgi-bin/ASBib1/get_ASBib_ref.cgi?db=el&amp;db_id=3475&amp;comment_code=&amp;element=Ru&amp;spectr_charge=1&amp;ref=3475&amp;type=
536.1792,,130,,,,,,,,,,,,,,https://physics.nist.gov/cgi-bin/ASBib1/get_ASBib_ref.cgi?db=el&amp;db_id=16319&amp;comment_code=&amp;element=Ru&amp;spectr_charge=1&amp;ref=16319&amp;type=
537.784,537.783+,65,,,28 495.10,-,47 084.80,4d7(a 4F)5p,z 3G°,5,4d<sup>7</sup>(a <sup>4</sup>F)5d?,e 3G,5,,,https://physics.nist.gov/cgi-bin/ASBib1/get_ASBib_ref.cgi?db=el&amp;db_id=3475&amp;comment_code=&amp;element=Ru&amp;spectr_charge=1&amp;ref=3475&amp;type=
538.588,538.588+,65,,,13 645.75,-,32 207.65,4d7(a 4P)5s,b 3P,2,4d<sup>7</sup>(a <sup>4</sup>F)5p,z 3D°,2,,,https://physics.nist.gov/cgi-bin/ASBib1/get_ASBib_ref.cgi?db=el&amp;db_id=3475&amp;comment_code=&amp;element=Ru&amp;spectr_charge=1&amp;ref=3475&amp;type=
540.1047,,110w,,,,,,,,,,,,,,https://physics.nist.gov/cgi-bin/ASBib1/get_ASBib_ref.cgi?db=el&amp;db_id=16319&amp;comment_code=&amp;element=Ru&amp;spectr_charge=1&amp;ref=16319&amp;type=
540.139,540.140+,40,,,13 699.07,-,32 207.65,4d7(a 2G)5s,a 3G,3,4d<sup>7</sup>(a <sup>4</sup>F)5p,z 3D°,2,,,https://physics.nist.gov/cgi-bin/ASBib1/get_ASBib_ref.cgi?db=el&amp;db_id=3475&amp;comment_code=&amp;element=Ru&amp;spectr_charge=1&amp;ref=3475&amp;type=
541.886,541.886+,40,,,9 057.64,-,27 506.59,4d65s2,a 5D,2,4d<sup>7</sup>(a <sup>4</sup>F)5p,z 5D°,3,,,https://physics.nist.gov/cgi-bin/ASBib1/get_ASBib_ref.cgi?db=el&amp;db_id=3475&amp;comment_code=&amp;element=Ru&amp;spectr_charge=1&amp;ref=3475&amp;type=
542.759,542.759+,55,,,28 571.89,-,46 991.15,4d7(a 4F)5p,z 5G°,6,4d<sup>7</sup>(a <sup>4</sup>F)5d?,e 5G,6,,,https://physics.nist.gov/cgi-bin/ASBib1/get_ASBib_ref.cgi?db=el&amp;db_id=3475&amp;comment_code=&amp;element=Ru&amp;spectr_charge=1&amp;ref=3475&amp;type=
543.9218,,26l,,,,,,,,,,,,,,https://physics.nist.gov/cgi-bin/ASBib1/get_ASBib_ref.cgi?db=el&amp;db_id=16319&amp;comment_code=&amp;element=Ru&amp;spectr_charge=1&amp;ref=16319&amp;type=
545.271,545.270+,13,,,28 571.89,-,46 906.32,4d7(a 4F)5p,z 5G°,6,4d<sup>7</sup>(a <sup>4</sup>F)5d?,f 5F,5,,,https://physics.nist.gov/cgi-bin/ASBib1/get_ASBib_ref.cgi?db=el&amp;db_id=3475&amp;comment_code=&amp;element=Ru&amp;spectr_charge=1&amp;ref=3475&amp;type=
545.482,545.483+,80w,,,31 186.03,-,49 513.33?,4d7(a 4P)5p,z 5S°,2,4d<sup>7</sup>(a <sup>4</sup>F)5d?,e 5D,1,,,https://physics.nist.gov/cgi-bin/ASBib1/get_ASBib_ref.cgi?db=el&amp;db_id=3475&amp;comment_code=&amp;element=Ru&amp;spectr_charge=1&amp;ref=3475&amp;type=
545.613,545.613+,90,,,9 183.66,-,27 506.59,4d7(a 4F)5s,a 3F,2,4d<sup>7</sup>(a <sup>4</sup>F)5p,z 5D°,3,,,https://physics.nist.gov/cgi-bin/ASBib1/get_ASBib_ref.cgi?db=el&amp;db_id=3475&amp;comment_code=&amp;element=Ru&amp;spectr_charge=1&amp;ref=3475&amp;type=
547.5187,,13w,,,,,,,,,,,,,,https://physics.nist.gov/cgi-bin/ASBib1/get_ASBib_ref.cgi?db=el&amp;db_id=16319&amp;comment_code=&amp;element=Ru&amp;spectr_charge=1&amp;ref=16319&amp;type=
547.9415,,55,,,,,,,,,,,,,,https://physics.nist.gov/cgi-bin/ASBib1/get_ASBib_ref.cgi?db=el&amp;db_id=16319&amp;comment_code=&amp;element=Ru&amp;spectr_charge=1&amp;ref=16319&amp;type=
548.030,548.031+,26,,,30 279.68,-,48 521.77,4d7(a 4F)5p,z 5G°,5,4d<sup>7</sup>(a <sup>4</sup>F)5d?,e 5G,5,,,https://physics.nist.gov/cgi-bin/ASBib1/get_ASBib_ref.cgi?db=el&amp;db_id=3475&amp;comment_code=&amp;element=Ru&amp;spectr_charge=1&amp;ref=3475&amp;type=
548.432,548.433+,80,,,8 084.12,-,26 312.83,4d7(a 4F)5s,a 3F,3,4d<sup>7</sup>(a <sup>4</sup>F)5p,z 5D°,4,,,https://physics.nist.gov/cgi-bin/ASBib1/get_ASBib_ref.cgi?db=el&amp;db_id=3475&amp;comment_code=&amp;element=Ru&amp;spectr_charge=1&amp;ref=3475&amp;type=
548.464,548.464+,18,,,12 816.69,-,31 044.35,4d7(a 2G)5s,a 3G,4,4d<sup>7</sup>(a <sup>4</sup>F)5p,z 3D°,3,,,https://physics.nist.gov/cgi-bin/ASBib1/get_ASBib_ref.cgi?db=el&amp;db_id=3475&amp;comment_code=&amp;element=Ru&amp;spectr_charge=1&amp;ref=3475&amp;type=
549.669,549.670+,26,,,20 055.71,-,38 243.38,4d7(a 2H)5s,a 1H,5,4d<sup>7</sup>(a <sup>2</sup>G)5p,y 3F°,4,,,https://physics.nist.gov/cgi-bin/ASBib1/get_ASBib_ref.cgi?db=el&amp;db_id=3475&amp;comment_code=&amp;element=Ru&amp;spectr_charge=1&amp;ref=3475&amp;type=
550.102,550.104+,13,,,30 348.45,-,48 521.77,4d7(a 4F)5p,z 3F°,4,4d<sup>7</sup>(a <sup>4</sup>F)5d?,e 5G,5,,,https://physics.nist.gov/cgi-bin/ASBib1/get_ASBib_ref.cgi?db=el&amp;db_id=3475&amp;comment_code=&amp;element=Ru&amp;spectr_charge=1&amp;ref=3475&amp;type=
551.071,551.072+,130,,,12 207.05,-,30 348.45,4d7(a 2G)5s,a 3G,5,4d<sup>7</sup>(a <sup>4</sup>F)5p,z 3F°,4,,,https://physics.nist.gov/cgi-bin/ASBib1/get_ASBib_ref.cgi?db=el&amp;db_id=3475&amp;comment_code=&amp;element=Ru&amp;spectr_charge=1&amp;ref=3475&amp;type=
551.237,551.238+,20,,,30 250.40,-,48 386.33,4d65s(a 6D)5p,z 7P°,4,4d<sup>6</sup>5s(a <sup>6</sup>D)6s,e 7D,5,,,https://physics.nist.gov/cgi-bin/ASBib1/get_ASBib_ref.cgi?db=el&amp;db_id=3475&amp;comment_code=&amp;element=Ru&amp;spectr_charge=1&amp;ref=3475&amp;type=
551.786,551.786+,8,,,15 054.07,-,33 172.02,4d7(a 2D)5s,a 3D,2,4d<sup>7</sup>(a <sup>4</sup>F)5p,z 3F°,2,,,https://physics.nist.gov/cgi-bin/ASBib1/get_ASBib_ref.cgi?db=el&amp;db_id=3475&amp;comment_code=&amp;element=Ru&amp;spectr_charge=1&amp;ref=3475&amp;type=
552.178,552.179+,12,,,31 186.03,-,49 291.06,4d7(a 4P)5p,z 5S°,2,4d<sup>7</sup>(a <sup>4</sup>P)5d,e 5P,3,,,https://physics.nist.gov/cgi-bin/ASBib1/get_ASBib_ref.cgi?db=el&amp;db_id=3475&amp;comment_code=&amp;element=Ru&amp;spectr_charge=1&amp;ref=3475&amp;type=
553.099,553.101+,12,,,20 933.75,-,39 008.62,4d8,c 3P,2,4d<sup>7</sup>(a <sup>4</sup>P)5p,y 5P°,2,,,https://physics.nist.gov/cgi-bin/ASBib1/get_ASBib_ref.cgi?db=el&amp;db_id=3475&amp;comment_code=&amp;element=Ru&amp;spectr_charge=1&amp;ref=3475&amp;type=
554.066,554.067+,24,,,12 207.05,-,30 250.40,4d7(a 2G)5s,a 3G,5,4d<sup>6</sup>5s(a <sup>6</sup>D)5p,z 7P°,4,,,https://physics.nist.gov/cgi-bin/ASBib1/get_ASBib_ref.cgi?db=el&amp;db_id=3475&amp;comment_code=&amp;element=Ru&amp;spectr_charge=1&amp;ref=3475&amp;type=
555.652,555.652+,12,,,8 043.69,-,26 035.56,4d7(a 4P)5s,a 5P,2,4d<sup>6</sup>5s(a <sup>6</sup>D)5p,z 7D°,3,,,https://physics.nist.gov/cgi-bin/ASBib1/get_ASBib_ref.cgi?db=el&amp;db_id=3475&amp;comment_code=&amp;element=Ru&amp;spectr_charge=1&amp;ref=3475&amp;type=
555.975,555.975+,90,,,7 483.07,-,25 464.49,4d65s2,a 5D,4,4d<sup>6</sup>5s(a <sup>6</sup>D)5p,z 7D°,4,,,https://physics.nist.gov/cgi-bin/ASBib1/get_ASBib_ref.cgi?db=el&amp;db_id=3475&amp;comment_code=&amp;element=Ru&amp;spectr_charge=1&amp;ref=3475&amp;type=
556.903,556.904+,11,,,8 084.12,-,26 035.56,4d7(a 4F)5s,a 3F,3,4d<sup>6</sup>5s(a <sup>6</sup>D)5p,z 7D°,3,,,https://physics.nist.gov/cgi-bin/ASBib1/get_ASBib_ref.cgi?db=el&amp;db_id=3475&amp;comment_code=&amp;element=Ru&amp;spectr_charge=1&amp;ref=3475&amp;type=
557.8412,,21,,,,,,,,,,,,,,https://physics.nist.gov/cgi-bin/ASBib1/get_ASBib_ref.cgi?db=el&amp;db_id=16319&amp;comment_code=&amp;element=Ru&amp;spectr_charge=1&amp;ref=16319&amp;type=
560.314,560.315+,21,,,10 623.53,-,28 465.69,4d7(a 2P)5s,a 3P,2,4d<sup>7</sup>(a <sup>4</sup>F)5p,z 5D°,2,,,https://physics.nist.gov/cgi-bin/ASBib1/get_ASBib_ref.cgi?db=el&amp;db_id=3475&amp;comment_code=&amp;element=Ru&amp;spectr_charge=1&amp;ref=3475&amp;type=
560.3552,,8,,,,,,,,,,,,,,https://physics.nist.gov/cgi-bin/ASBib1/get_ASBib_ref.cgi?db=el&amp;db_id=16319&amp;comment_code=&amp;element=Ru&amp;spectr_charge=1&amp;ref=16319&amp;type=
560.673,560.675+,13,,,29 160.46,-,46 991.15,4d65s(a 6D)5p,z 7F°,6,4d<sup>7</sup>(a <sup>4</sup>F)5d?,e 5G,6,,,https://physics.nist.gov/cgi-bin/ASBib1/get_ASBib_ref.cgi?db=el&amp;db_id=3475&amp;comment_code=&amp;element=Ru&amp;spectr_charge=1&amp;ref=3475&amp;type=
562.979,562.979+,11,,,22 518.88,-,40 276.61,4d65s2,b 3H,5,4d<sup>7</sup>(a <sup>2</sup>G)5p,y 3G°,4,,,https://physics.nist.gov/cgi-bin/ASBib1/get_ASBib_ref.cgi?db=el&amp;db_id=3475&amp;comment_code=&amp;element=Ru&amp;spectr_charge=1&amp;ref=3475&amp;type=
563.624,563.624+,290,,,8 575.42,-,26 312.83,4d65s2,a 5D,3,4d<sup>7</sup>(a <sup>4</sup>F)5p,z 5D°,4,,,https://physics.nist.gov/cgi-bin/ASBib1/get_ASBib_ref.cgi?db=el&amp;db_id=3475&amp;comment_code=&amp;element=Ru&amp;spectr_charge=1&amp;ref=3475&amp;type=
564.166,564.166+,11,,,12 816.69,-,30 537.06,4d7(a 2G)5s,a 3G,4,4d<sup>7</sup>(a <sup>4</sup>F)5p,z 5G°,3,,,https://physics.nist.gov/cgi-bin/ASBib1/get_ASBib_ref.cgi?db=el&amp;db_id=3475&amp;comment_code=&amp;element=Ru&amp;spectr_charge=1&amp;ref=3475&amp;type=
564.956,564.955+,7,,,9 120.63,-,26 816.23,4d8,b 3F,4,4d<sup>7</sup>(a <sup>4</sup>F)5p,z 5F°,5,,,https://physics.nist.gov/cgi-bin/ASBib1/get_ASBib_ref.cgi?db=el&amp;db_id=3475&amp;comment_code=&amp;element=Ru&amp;spectr_charge=1&amp;ref=3475&amp;type=
565.330,565.331+,7,,,12 207.05,-,29 890.91,4d7(a 2G)5s,a 3G,5,4d<sup>7</sup>(a <sup>4</sup>F)5p,z 3G°,4,,,https://physics.nist.gov/cgi-bin/ASBib1/get_ASBib_ref.cgi?db=el&amp;db_id=3475&amp;comment_code=&amp;element=Ru&amp;spectr_charge=1&amp;ref=3475&amp;type=
566.520,566.520+,11,,,13 699.07,-,31 345.79,4d7(a 2G)5s,a 3G,3,4d<sup>7</sup>(a <sup>4</sup>F)5p,z 5G°,4,,,https://physics.nist.gov/cgi-bin/ASBib1/get_ASBib_ref.cgi?db=el&amp;db_id=3475&amp;comment_code=&amp;element=Ru&amp;spectr_charge=1&amp;ref=3475&amp;type=
567.963,567.964+,16,,,22 292.64,-,39 894.50,4d8,c 3P,1,4d<sup>7</sup>(a <sup>2</sup>P)5p,y 3P°,0,,,https://physics.nist.gov/cgi-bin/ASBib1/get_ASBib_ref.cgi?db=el&amp;db_id=3475&amp;comment_code=&amp;element=Ru&amp;spectr_charge=1&amp;ref=3475&amp;type=
569.905,569.906+,180,,,8 770.93,-,26 312.83,4d7(a 4P)5s,a 5P,3,4d<sup>7</sup>(a <sup>4</sup>F)5p,z 5D°,4,,,https://physics.nist.gov/cgi-bin/ASBib1/get_ASBib_ref.cgi?db=el&amp;db_id=3475&amp;comment_code=&amp;element=Ru&amp;spectr_charge=1&amp;ref=3475&amp;type=
572.482,572.481+,13,,,12 816.69,-,30 279.68,4d7(a 2G)5s,a 3G,4,4d<sup>7</sup>(a <sup>4</sup>F)5p,z 5G°,5,,,https://physics.nist.gov/cgi-bin/ASBib1/get_ASBib_ref.cgi?db=el&amp;db_id=3475&amp;comment_code=&amp;element=Ru&amp;spectr_charge=1&amp;ref=3475&amp;type=
572.573,572.574+,13,,,8 575.42,-,26 035.56,4d65s2,a 5D,3,4d<sup>6</sup>5s(a <sup>6</sup>D)5p,z 7D°,3,,,https://physics.nist.gov/cgi-bin/ASBib1/get_ASBib_ref.cgi?db=el&amp;db_id=3475&amp;comment_code=&amp;element=Ru&amp;spectr_charge=1&amp;ref=3475&amp;type=
574.599,574.600+,16,,,13 645.75,-,31 044.35,4d7(a 4P)5s,b 3P,2,4d<sup>7</sup>(a <sup>4</sup>F)5p,z 3D°,3,,,https://physics.nist.gov/cgi-bin/ASBib1/get_ASBib_ref.cgi?db=el&amp;db_id=3475&amp;comment_code=&amp;element=Ru&amp;spectr_charge=1&amp;ref=3475&amp;type=
574.747,574.748+,16,,,21 643.09,-,39 037.18,4d65s2,c 3F,4,4d<sup>7</sup>(a <sup>2</sup>G)5p,z 1G°,4,,,https://physics.nist.gov/cgi-bin/ASBib1/get_ASBib_ref.cgi?db=el&amp;db_id=3475&amp;comment_code=&amp;element=Ru&amp;spectr_charge=1&amp;ref=3475&amp;type=
575.202,575.202+,11,,,8 084.12,-,25 464.49,4d7(a 4F)5s,a 3F,3,4d<sup>6</sup>5s(a <sup>6</sup>D)5p,z 7D°,4,,,https://physics.nist.gov/cgi-bin/ASBib1/get_ASBib_ref.cgi?db=el&amp;db_id=3475&amp;comment_code=&amp;element=Ru&amp;spectr_charge=1&amp;ref=3475&amp;type=
575.683,575.682+,11,,,11 752.62,-,29 118.49,4d7(a 2P)5s,a 3P,0,4d<sup>7</sup>(a <sup>4</sup>F)5p,z 5D°,1,,,https://physics.nist.gov/cgi-bin/ASBib1/get_ASBib_ref.cgi?db=el&amp;db_id=3475&amp;comment_code=&amp;element=Ru&amp;spectr_charge=1&amp;ref=3475&amp;type=
576.792,576.793+,11,,,11 786.05,-,29 118.49,4d7(a 2P)5s,a 3P,1,4d<sup>7</sup>(a <sup>4</sup>F)5p,z 5D°,1,,,https://physics.nist.gov/cgi-bin/ASBib1/get_ASBib_ref.cgi?db=el&amp;db_id=3475&amp;comment_code=&amp;element=Ru&amp;spectr_charge=1&amp;ref=3475&amp;type=
580.439,580.437+,16,,,23 392.60,-,40 616.22,4d8,b 1G,4,4d<sup>7</sup>(a <sup>2</sup>G)5p,z 1H°,5,,,https://physics.nist.gov/cgi-bin/ASBib1/get_ASBib_ref.cgi?db=el&amp;db_id=3475&amp;comment_code=&amp;element=Ru&amp;spectr_charge=1&amp;ref=3475&amp;type=
581.498,581.498+,65,,,9 120.63,-,26 312.83,4d8,b 3F,4,4d<sup>7</sup>(a <sup>4</sup>F)5p,z 5D°,4,,,https://physics.nist.gov/cgi-bin/ASBib1/get_ASBib_ref.cgi?db=el&amp;db_id=3475&amp;comment_code=&amp;element=Ru&amp;spectr_charge=1&amp;ref=3475&amp;type=
582.806,582.807+,8,,,15 054.07,-,32 207.65,4d7(a 2D)5s,a 3D,2,4d<sup>7</sup>(a <sup>4</sup>F)5p,z 3D°,2,,,https://physics.nist.gov/cgi-bin/ASBib1/get_ASBib_ref.cgi?db=el&amp;db_id=3475&amp;comment_code=&amp;element=Ru&amp;spectr_charge=1&amp;ref=3475&amp;type=
583.321,583.320+,16w,,,30 348.45,-,47 486.96,4d7(a 4F)5p,z 3F°,4,,B(3F),4,,,https://physics.nist.gov/cgi-bin/ASBib1/get_ASBib_ref.cgi?db=el&amp;db_id=3475&amp;comment_code=&amp;element=Ru&amp;spectr_charge=1&amp;ref=3475&amp;type=
591.934,591.935+,55,,,8 575.42,-,25 464.49,4d65s2,a 5D,3,4d<sup>6</sup>5s(a <sup>6</sup>D)5p,z 7D°,4,,,https://physics.nist.gov/cgi-bin/ASBib1/get_ASBib_ref.cgi?db=el&amp;db_id=3475&amp;comment_code=&amp;element=Ru&amp;spectr_charge=1&amp;ref=3475&amp;type=
592.145,592.146+,80,,,10 623.53,-,27 506.59,4d7(a 2P)5s,a 3P,2,4d<sup>7</sup>(a <sup>4</sup>F)5p,z 5D°,3,,,https://physics.nist.gov/cgi-bin/ASBib1/get_ASBib_ref.cgi?db=el&amp;db_id=3475&amp;comment_code=&amp;element=Ru&amp;spectr_charge=1&amp;ref=3475&amp;type=
592.687,592.687+,21,,,16 712.58,-,33 580.22,4d7(a 2D)5s,a 3D,1,4d<sup>7</sup>(a <sup>4</sup>F)5p,z 3D°,1,,,https://physics.nist.gov/cgi-bin/ASBib1/get_ASBib_ref.cgi?db=el&amp;db_id=3475&amp;comment_code=&amp;element=Ru&amp;spectr_charge=1&amp;ref=3475&amp;type=
593.238,593.241+,26,,,9 183.66,-,26 035.56,4d7(a 4F)5s,a 3F,2,4d<sup>6</sup>5s(a <sup>6</sup>D)5p,z 7D°,3,,,https://physics.nist.gov/cgi-bin/ASBib1/get_ASBib_ref.cgi?db=el&amp;db_id=3475&amp;comment_code=&amp;element=Ru&amp;spectr_charge=1&amp;ref=3475&amp;type=
593.665,593.664+,8,,,30 348.45,-,47 188.32,4d7(a 4F)5p,z 3F°,4,4d<sup>7</sup>(a <sup>4</sup>F)5d?,e 5D,3,,,https://physics.nist.gov/cgi-bin/ASBib1/get_ASBib_ref.cgi?db=el&amp;db_id=3475&amp;comment_code=&amp;element=Ru&amp;spectr_charge=1&amp;ref=3475&amp;type=
595.115,595.115+,8,,,15 054.07,-,31 852.90,4d7(a 2D)5s,a 3D,2,4d<sup>7</sup>(a <sup>4</sup>F)5p,z 3G°,3,,,https://physics.nist.gov/cgi-bin/ASBib1/get_ASBib_ref.cgi?db=el&amp;db_id=3475&amp;comment_code=&amp;element=Ru&amp;spectr_charge=1&amp;ref=3475&amp;type=
597.338,597.336+,21w,,,30 348.45,-,47 084.80,4d7(a 4F)5p,z 3F°,4,4d<sup>7</sup>(a <sup>4</sup>F)5d?,e 3G,5,,,https://physics.nist.gov/cgi-bin/ASBib1/get_ASBib_ref.cgi?db=el&amp;db_id=3475&amp;comment_code=&amp;element=Ru&amp;spectr_charge=1&amp;ref=3475&amp;type=
597.417,597.416+,8,,,20 933.75,-,37 667.86,4d8,c 3P,2,4d<sup>7</sup>(a <sup>4</sup>P)5p,x 5D°,2,,,https://physics.nist.gov/cgi-bin/ASBib1/get_ASBib_ref.cgi?db=el&amp;db_id=3475&amp;comment_code=&amp;element=Ru&amp;spectr_charge=1&amp;ref=3475&amp;type=
598.867,598.868+,16,,,8 770.93,-,25 464.49,4d7(a 4P)5s,a 5P,3,4d<sup>6</sup>5s(a <sup>6</sup>D)5p,z 7D°,4,,,https://physics.nist.gov/cgi-bin/ASBib1/get_ASBib_ref.cgi?db=el&amp;db_id=3475&amp;comment_code=&amp;element=Ru&amp;spectr_charge=1&amp;ref=3475&amp;type=
599.365,599.367+,35,,,11 786.05,-,28 465.69,4d7(a 2P)5s,a 3P,1,4d<sup>7</sup>(a <sup>4</sup>F)5p,z 5D°,2,,,https://physics.nist.gov/cgi-bin/ASBib1/get_ASBib_ref.cgi?db=el&amp;db_id=3475&amp;comment_code=&amp;element=Ru&amp;spectr_charge=1&amp;ref=3475&amp;type=
611.677,611.681+,18,,,9 120.63,-,25 464.49,4d8,b 3F,4,4d<sup>6</sup>5s(a <sup>6</sup>D)5p,z 7D°,4,,,https://physics.nist.gov/cgi-bin/ASBib1/get_ASBib_ref.cgi?db=el&amp;db_id=3475&amp;comment_code=&amp;element=Ru&amp;spectr_charge=1&amp;ref=3475&amp;type=
619.942,619.943+,26,,,17 045.97,-,33 172.02,4d7(a 2D)5s,a 1D,2,4d<sup>7</sup>(a <sup>4</sup>F)5p,z 3F°,2,,,https://physics.nist.gov/cgi-bin/ASBib1/get_ASBib_ref.cgi?db=el&amp;db_id=3475&amp;comment_code=&amp;element=Ru&amp;spectr_charge=1&amp;ref=3475&amp;type=
622.520,622.521+,26,,,11 447.31,-,27 506.59,4d8,b 3F,2,4d<sup>7</sup>(a <sup>4</sup>F)5p,z 5D°,3,,,https://physics.nist.gov/cgi-bin/ASBib1/get_ASBib_ref.cgi?db=el&amp;db_id=3475&amp;comment_code=&amp;element=Ru&amp;spectr_charge=1&amp;ref=3475&amp;type=
628.449,628.450+,9,,,22 292.64,-,38 200.40,4d8,c 3P,1,4d<sup>7</sup>(a <sup>4</sup>P)5p,x 5D°,1,,,https://physics.nist.gov/cgi-bin/ASBib1/get_ASBib_ref.cgi?db=el&amp;db_id=3475&amp;comment_code=&amp;element=Ru&amp;spectr_charge=1&amp;ref=3475&amp;type=
629.522,629.522+,18,,,23 392.60,-,39 273.28,4d8,b 1G,4,4d<sup>7</sup>(a <sup>2</sup>G)5p,z 3H°,4,,,https://physics.nist.gov/cgi-bin/ASBib1/get_ASBib_ref.cgi?db=el&amp;db_id=3475&amp;comment_code=&amp;element=Ru&amp;spectr_charge=1&amp;ref=3475&amp;type=
633.062,633.061+,13,,,25 464.49,-,41 256.40,4d65s(a 6D)5p,z 7D°,4,4d<sup>7</sup>(a <sup>4</sup>F)6s,e 5F,5,,,https://physics.nist.gov/cgi-bin/ASBib1/get_ASBib_ref.cgi?db=el&amp;db_id=3475&amp;comment_code=&amp;element=Ru&amp;spectr_charge=1&amp;ref=3475&amp;type=
633.612,633.610+,9,,,22 518.88,-,38 297.09,4d65s2,b 3H,5,4d<sup>7</sup>(a <sup>2</sup>G)5p,z 3H°,5,,,https://physics.nist.gov/cgi-bin/ASBib1/get_ASBib_ref.cgi?db=el&amp;db_id=3475&amp;comment_code=&amp;element=Ru&amp;spectr_charge=1&amp;ref=3475&amp;type=
636.341,636.339+,9w,,,28 465.69,-,44 176.23,4d7(a 4F)5p,z 5D°,2,4d<sup>7</sup>(a <sup>4</sup>F)6s,e 5F,3,,,https://physics.nist.gov/cgi-bin/ASBib1/get_ASBib_ref.cgi?db=el&amp;db_id=3475&amp;comment_code=&amp;element=Ru&amp;spectr_charge=1&amp;ref=3475&amp;type=
637.645,637.643+,9,,,12 816.69,-,28 495.10,4d7(a 2G)5s,a 3G,4,4d<sup>7</sup>(a <sup>4</sup>F)5p,z 3G°,5,,,https://physics.nist.gov/cgi-bin/ASBib1/get_ASBib_ref.cgi?db=el&amp;db_id=3475&amp;comment_code=&amp;element=Ru&amp;spectr_charge=1&amp;ref=3475&amp;type=
639.023,639.022+,16,,,23 392.60,-,39 037.18,4d8,b 1G,4,4d<sup>7</sup>(a <sup>2</sup>G)5p,z 1G°,4,,,https://physics.nist.gov/cgi-bin/ASBib1/get_ASBib_ref.cgi?db=el&amp;db_id=3475&amp;comment_code=&amp;element=Ru&amp;spectr_charge=1&amp;ref=3475&amp;type=
641.757,641.755+,8,,,34 772.55,-,50 350.52,4d65s(a 6D)5p,y 5F°,5,4d<sup>6</sup>5s(a <sup>6</sup>D)6s,f 5D,4,,,https://physics.nist.gov/cgi-bin/ASBib1/get_ASBib_ref.cgi?db=el&amp;db_id=3475&amp;comment_code=&amp;element=Ru&amp;spectr_charge=1&amp;ref=3475&amp;type=
644.484,644.485+,26w,,,27 506.59,-,43 018.57,4d7(a 4F)5p,z 5D°,3,4d<sup>7</sup>(a <sup>4</sup>F)6s,e 5F,4,,,https://physics.nist.gov/cgi-bin/ASBib1/get_ASBib_ref.cgi?db=el&amp;db_id=3475&amp;comment_code=&amp;element=Ru&amp;spectr_charge=1&amp;ref=3475&amp;type=
649.644,649.644+,8,,,27 506.59,-,42 895.39,4d7(a 4F)5p,z 5D°,3,,A,4,,,https://physics.nist.gov/cgi-bin/ASBib1/get_ASBib_ref.cgi?db=el&amp;db_id=3475&amp;comment_code=&amp;element=Ru&amp;spectr_charge=1&amp;ref=3475&amp;type=
652.873,,11,,,,,,,,,,,,,,https://physics.nist.gov/cgi-bin/ASBib1/get_ASBib_ref.cgi?db=el&amp;db_id=16319&amp;comment_code=&amp;element=Ru&amp;spectr_charge=1&amp;ref=16319&amp;type=
656.045,656.047+,4,,,23 004.77,-,38 243.38,4d65s2,b 3H,4,4d<sup>7</sup>(a <sup>2</sup>G)5p,y 3F°,4,,,https://physics.nist.gov/cgi-bin/ASBib1/get_ASBib_ref.cgi?db=el&amp;db_id=3475&amp;comment_code=&amp;element=Ru&amp;spectr_charge=1&amp;ref=3475&amp;type=
659.374,659.375+,4,,,17 045.97,-,32 207.65,4d7(a 2D)5s,a 1D,2,4d<sup>7</sup>(a <sup>4</sup>F)5p,z 3D°,2,,,https://physics.nist.gov/cgi-bin/ASBib1/get_ASBib_ref.cgi?db=el&amp;db_id=3475&amp;comment_code=&amp;element=Ru&amp;spectr_charge=1&amp;ref=3475&amp;type=
661.820,661.821+,9,,,16 240.13,-,31 345.79,4d7(a 2H)5s,a 3H,5,4d<sup>7</sup>(a <sup>4</sup>F)5p,z 5G°,4,,,https://physics.nist.gov/cgi-bin/ASBib1/get_ASBib_ref.cgi?db=el&amp;db_id=3475&amp;comment_code=&amp;element=Ru&amp;spectr_charge=1&amp;ref=3475&amp;type=
666.314,666.315+,21,,,28 014.79,-,43 018.57,4d7(a 4F)5p,z 5F°,4,4d<sup>7</sup>(a <sup>4</sup>F)6s,e 5F,4,,,https://physics.nist.gov/cgi-bin/ASBib1/get_ASBib_ref.cgi?db=el&amp;db_id=3475&amp;comment_code=&amp;element=Ru&amp;spectr_charge=1&amp;ref=3475&amp;type=
669.000,668.999+,55,,,26 312.83,-,41 256.40,4d7(a 4F)5p,z 5D°,4,4d<sup>7</sup>(a <sup>4</sup>F)6s,e 5F,5,,,https://physics.nist.gov/cgi-bin/ASBib1/get_ASBib_ref.cgi?db=el&amp;db_id=3475&amp;comment_code=&amp;element=Ru&amp;spectr_charge=1&amp;ref=3475&amp;type=
670.752,670.754+,11,,,23 392.60,-,38 297.09,4d8,b 1G,4,4d<sup>7</sup>(a <sup>2</sup>G)5p,z 3H°,5,,,https://physics.nist.gov/cgi-bin/ASBib1/get_ASBib_ref.cgi?db=el&amp;db_id=3475&amp;comment_code=&amp;element=Ru&amp;spectr_charge=1&amp;ref=3475&amp;type=
671.830,671.830+,15,,,28 014.79,-,42 895.39,4d7(a 4F)5p,z 5F°,4,,A,4,,,https://physics.nist.gov/cgi-bin/ASBib1/get_ASBib_ref.cgi?db=el&amp;db_id=3475&amp;comment_code=&amp;element=Ru&amp;spectr_charge=1&amp;ref=3475&amp;type=
673.045,673.045+,15,,,16 190.61,-,31 044.35,4d7(a 2D)5s,a 3D,3,4d<sup>7</sup>(a <sup>4</sup>F)5p,z 3D°,3,,,https://physics.nist.gov/cgi-bin/ASBib1/get_ASBib_ref.cgi?db=el&amp;db_id=3475&amp;comment_code=&amp;element=Ru&amp;spectr_charge=1&amp;ref=3475&amp;type=
675.654,675.655+,7,,,32 391.95,-,47 188.32,4d7(a 4F)5p,z 3F°,3,4d<sup>7</sup>(a <sup>4</sup>F)5d?,e 5D,3,,,https://physics.nist.gov/cgi-bin/ASBib1/get_ASBib_ref.cgi?db=el&amp;db_id=3475&amp;comment_code=&amp;element=Ru&amp;spectr_charge=1&amp;ref=3475&amp;type=
676.695,676.696+,21,,,29 118.49,-,43 892.09,4d7(a 4F)5p,z 5D°,1,4d<sup>7</sup>(a <sup>4</sup>F)6s,e 5F,2,,,https://physics.nist.gov/cgi-bin/ASBib1/get_ASBib_ref.cgi?db=el&amp;db_id=3475&amp;comment_code=&amp;element=Ru&amp;spectr_charge=1&amp;ref=3475&amp;type=
677.502,677.502+,30,,,17 096.87,-,31 852.90,4d7(a 2H)5s,a 3H,4,4d<sup>7</sup>(a <sup>4</sup>F)5p,z 3G°,3,,,https://physics.nist.gov/cgi-bin/ASBib1/get_ASBib_ref.cgi?db=el&amp;db_id=3475&amp;comment_code=&amp;element=Ru&amp;spectr_charge=1&amp;ref=3475&amp;type=
678.723,678.721+,13,,,15 550.16,-,30 279.68,4d7(a 2H)5s,a 3H,6,4d<sup>7</sup>(a <sup>4</sup>F)5p,z 5G°,5,,,https://physics.nist.gov/cgi-bin/ASBib1/get_ASBib_ref.cgi?db=el&amp;db_id=3475&amp;comment_code=&amp;element=Ru&amp;spectr_charge=1&amp;ref=3475&amp;type=
681.351,681.353+,8,,,22 292.64,-,36 965.28,4d8,c 3P,1,4d<sup>7</sup>(a <sup>4</sup>P)5p,y 3D°,2,,,https://physics.nist.gov/cgi-bin/ASBib1/get_ASBib_ref.cgi?db=el&amp;db_id=3475&amp;comment_code=&amp;element=Ru&amp;spectr_charge=1&amp;ref=3475&amp;type=
682.388,682.390+,15,,,29 693.57,-,44 343.91,4d7(a 4F)5p,z 5F°,1,4d<sup>7</sup>(a <sup>4</sup>F)6s,e 5F,1,,,https://physics.nist.gov/cgi-bin/ASBib1/get_ASBib_ref.cgi?db=el&amp;db_id=3475&amp;comment_code=&amp;element=Ru&amp;spectr_charge=1&amp;ref=3475&amp;type=
682.417,682.416+,21,,,28 465.69,-,43 115.47,4d7(a 4F)5p,z 5D°,2,4d<sup>7</sup>(a <sup>4</sup>F)6s,e 3F,3,,,https://physics.nist.gov/cgi-bin/ASBib1/get_ASBib_ref.cgi?db=el&amp;db_id=3475&amp;comment_code=&amp;element=Ru&amp;spectr_charge=1&amp;ref=3475&amp;type=
683.152,683.155+,7,,,25 642.69,-,40 276.61,4d65s2,b 3G,4,4d<sup>7</sup>(a <sup>2</sup>G)5p,y 3G°,4,,,https://physics.nist.gov/cgi-bin/ASBib1/get_ASBib_ref.cgi?db=el&amp;db_id=3475&amp;comment_code=&amp;element=Ru&amp;spectr_charge=1&amp;ref=3475&amp;type=
691.148,691.144+,26,,,29 427.32,-,43 892.09,4d7(a 4F)5p,z 5F°,2,4d<sup>7</sup>(a <sup>4</sup>F)6s,e 5F,2,,,https://physics.nist.gov/cgi-bin/ASBib1/get_ASBib_ref.cgi?db=el&amp;db_id=3475&amp;comment_code=&amp;element=Ru&amp;spectr_charge=1&amp;ref=3475&amp;type=
692.323,692.322+,110,,,26 816.23,-,41 256.40,4d7(a 4F)5p,z 5F°,5,4d<sup>7</sup>(a <sup>4</sup>F)6s,e 5F,5,,,https://physics.nist.gov/cgi-bin/ASBib1/get_ASBib_ref.cgi?db=el&amp;db_id=3475&amp;comment_code=&amp;element=Ru&amp;spectr_charge=1&amp;ref=3475&amp;type=
698.201,698.198+,26,,,27 506.59,-,41 825.23,4d7(a 4F)5p,z 5D°,3,4d<sup>7</sup>(a <sup>4</sup>F)6s,e 3F,4,,,https://physics.nist.gov/cgi-bin/ASBib1/get_ASBib_ref.cgi?db=el&amp;db_id=3475&amp;comment_code=&amp;element=Ru&amp;spectr_charge=1&amp;ref=3475&amp;type=
702.798,702.794+,26,,,28 890.47,-,43 115.47,4d7(a 4F)5p,z 5F°,3,4d<sup>7</sup>(a <sup>4</sup>F)6s,e 3F,3,,,https://physics.nist.gov/cgi-bin/ASBib1/get_ASBib_ref.cgi?db=el&amp;db_id=3475&amp;comment_code=&amp;element=Ru&amp;spectr_charge=1&amp;ref=3475&amp;type=
708.606,708.606+,9,,,16 240.13,-,30 348.45,4d7(a 2H)5s,a 3H,5,4d<sup>7</sup>(a <sup>4</sup>F)5p,z 3F°,4,,,https://physics.nist.gov/cgi-bin/ASBib1/get_ASBib_ref.cgi?db=el&amp;db_id=3475&amp;comment_code=&amp;element=Ru&amp;spectr_charge=1&amp;ref=3475&amp;type=
708.735,708.734+,12,,,12 207.05,-,26 312.83,4d7(a 2G)5s,a 3G,5,4d<sup>7</sup>(a <sup>4</sup>F)5p,z 5D°,4,,,https://physics.nist.gov/cgi-bin/ASBib1/get_ASBib_ref.cgi?db=el&amp;db_id=3475&amp;comment_code=&amp;element=Ru&amp;spectr_charge=1&amp;ref=3475&amp;type=
714.172,714.172+,4,,,17 045.97,-,31 044.35,4d7(a 2D)5s,a 1D,2,4d<sup>7</sup>(a <sup>4</sup>F)5p,z 3D°,3,,,https://physics.nist.gov/cgi-bin/ASBib1/get_ASBib_ref.cgi?db=el&amp;db_id=3475&amp;comment_code=&amp;element=Ru&amp;spectr_charge=1&amp;ref=3475&amp;type=
721.926,721.924+,6,,,25 602.60,-,39 450.66,4d65s2,b 3G,5,4d<sup>7</sup>(a <sup>2</sup>G)5p,y 3G°,5,,,https://physics.nist.gov/cgi-bin/ASBib1/get_ASBib_ref.cgi?db=el&amp;db_id=3475&amp;comment_code=&amp;element=Ru&amp;spectr_charge=1&amp;ref=3475&amp;type=
723.892,723.890+,35,,,28 014.79,-,41 825.23,4d7(a 4F)5p,z 5F°,4,4d<sup>7</sup>(a <sup>4</sup>F)6s,e 3F,4,,,https://physics.nist.gov/cgi-bin/ASBib1/get_ASBib_ref.cgi?db=el&amp;db_id=3475&amp;comment_code=&amp;element=Ru&amp;spectr_charge=1&amp;ref=3475&amp;type=
726.695,,7,,,,,,,,,,,,,,https://physics.nist.gov/cgi-bin/ASBib1/get_ASBib_ref.cgi?db=el&amp;db_id=16319&amp;comment_code=&amp;element=Ru&amp;spectr_charge=1&amp;ref=16319&amp;type=
732.356,732.357+,8,,,16 240.13,-,29 890.91,4d7(a 2H)5s,a 3H,5,4d<sup>7</sup>(a <sup>4</sup>F)5p,z 3G°,4,,,https://physics.nist.gov/cgi-bin/ASBib1/get_ASBib_ref.cgi?db=el&amp;db_id=3475&amp;comment_code=&amp;element=Ru&amp;spectr_charge=1&amp;ref=3475&amp;type=
739.393,739.392+,16,,,29 594.56,-,43 115.47,4d65s(a 6D)5p,z 7F°,4,4d<sup>7</sup>(a <sup>4</sup>F)6s,e 3F,3,,,https://physics.nist.gov/cgi-bin/ASBib1/get_ASBib_ref.cgi?db=el&amp;db_id=3475&amp;comment_code=&amp;element=Ru&amp;spectr_charge=1&amp;ref=3475&amp;type=
746.891,746.893+,18,,,30 958.80,-,44 343.91,4d7(a 4F)5p,z 5G°,2,4d<sup>7</sup>(a <sup>4</sup>F)6s,e 5F,1,,,https://physics.nist.gov/cgi-bin/ASBib1/get_ASBib_ref.cgi?db=el&amp;db_id=3475&amp;comment_code=&amp;element=Ru&amp;spectr_charge=1&amp;ref=3475&amp;type=
747.540,,12,,,,,,,,,,,,,,https://physics.nist.gov/cgi-bin/ASBib1/get_ASBib_ref.cgi?db=el&amp;db_id=16319&amp;comment_code=&amp;element=Ru&amp;spectr_charge=1&amp;ref=16319&amp;type=
748.579,748.575+,26,,,30 537.06,-,43 892.09,4d7(a 4F)5p,z 5G°,3,4d<sup>7</sup>(a <sup>4</sup>F)6s,e 5F,2,,,https://physics.nist.gov/cgi-bin/ASBib1/get_ASBib_ref.cgi?db=el&amp;db_id=3475&amp;comment_code=&amp;element=Ru&amp;spectr_charge=1&amp;ref=3475&amp;type=
749.975,749.974+,70,,,28 495.10,-,41 825.23,4d7(a 4F)5p,z 3G°,5,4d<sup>7</sup>(a <sup>4</sup>F)6s,e 3F,4,,,https://physics.nist.gov/cgi-bin/ASBib1/get_ASBib_ref.cgi?db=el&amp;db_id=3475&amp;comment_code=&amp;element=Ru&amp;spectr_charge=1&amp;ref=3475&amp;type=
753.207,753.206+,7,,,24 927.48,-,38 200.40,4d65s2,d 3P?,2,4d<sup>7</sup>(a <sup>4</sup>P)5p,x 5D°,1,,,https://physics.nist.gov/cgi-bin/ASBib1/get_ASBib_ref.cgi?db=el&amp;db_id=3475&amp;comment_code=&amp;element=Ru&amp;spectr_charge=1&amp;ref=3475&amp;type=
755.961,755.961+,26,,,29 890.91,-,43 115.47,4d7(a 4F)5p,z 3G°,4,4d<sup>7</sup>(a <sup>4</sup>F)6s,e 3F,3,,,https://physics.nist.gov/cgi-bin/ASBib1/get_ASBib_ref.cgi?db=el&amp;db_id=3475&amp;comment_code=&amp;element=Ru&amp;spectr_charge=1&amp;ref=3475&amp;type=
761.294,761.296+,5,,,31 044.35,-,44 176.23,4d7(a 4F)5p,z 3D°,3,4d<sup>7</sup>(a <sup>4</sup>F)6s,e 5F,3,,,https://physics.nist.gov/cgi-bin/ASBib1/get_ASBib_ref.cgi?db=el&amp;db_id=3475&amp;comment_code=&amp;element=Ru&amp;spectr_charge=1&amp;ref=3475&amp;type=
762.150,762.152+,18,,,31 852.90,-,44 970.04,4d7(a 4F)5p,z 3G°,3,4d<sup>7</sup>(a <sup>4</sup>F)6s,e 3F,2,,,https://physics.nist.gov/cgi-bin/ASBib1/get_ASBib_ref.cgi?db=el&amp;db_id=3475&amp;comment_code=&amp;element=Ru&amp;spectr_charge=1&amp;ref=3475&amp;type=
772.287,772.290+,18,,,15 550.16,-,28 495.10,4d7(a 2H)5s,a 3H,6,4d<sup>7</sup>(a <sup>4</sup>F)5p,z 3G°,5,,,https://physics.nist.gov/cgi-bin/ASBib1/get_ASBib_ref.cgi?db=el&amp;db_id=3475&amp;comment_code=&amp;element=Ru&amp;spectr_charge=1&amp;ref=3475&amp;type=
772.987,772.986+,5,,,30 958.80,-,43 892.09,4d7(a 4F)5p,z 5G°,2,4d<sup>7</sup>(a <sup>4</sup>F)6s,e 5F,2,,,https://physics.nist.gov/cgi-bin/ASBib1/get_ASBib_ref.cgi?db=el&amp;db_id=16319&amp;comment_code=&amp;element=Ru&amp;spectr_charge=1&amp;ref=16319&amp;type=
779.186,779.182+,22,,,31 345.79,-,44 176.23,4d7(a 4F)5p,z 5G°,4,4d<sup>7</sup>(a <sup>4</sup>F)6s,e 5F,3,,,https://physics.nist.gov/cgi-bin/ASBib1/get_ASBib_ref.cgi?db=el&amp;db_id=3475&amp;comment_code=&amp;element=Ru&amp;spectr_charge=1&amp;ref=3475&amp;type=
779.790,,4,,,,,,,,,,,,,,https://physics.nist.gov/cgi-bin/ASBib1/get_ASBib_ref.cgi?db=el&amp;db_id=16319&amp;comment_code=&amp;element=Ru&amp;spectr_charge=1&amp;ref=16319&amp;type=
780.682,780.680+,4,,,37 367.02,-,50 172.84,4d7(a 4P)5p,x 5D°,3,4d<sup>7</sup>(a <sup>4</sup>P)5d,e 5P,2,,,https://physics.nist.gov/cgi-bin/ASBib1/get_ASBib_ref.cgi?db=el&amp;db_id=3475&amp;comment_code=&amp;element=Ru&amp;spectr_charge=1&amp;ref=3475&amp;type=
781.343,781.346+,3,,,20 933.75,-,33 728.66,4d8,c 3P,2,4d<sup>6</sup>5s(a <sup>6</sup>D)5p,y 5D°,2,,,https://physics.nist.gov/cgi-bin/ASBib1/get_ASBib_ref.cgi?db=el&amp;db_id=3475&amp;comment_code=&amp;element=Ru&amp;spectr_charge=1&amp;ref=3475&amp;type=
782.981,782.982+,4,,,30 250.40,-,43 018.57,4d65s(a 6D)5p,z 7P°,4,4d<sup>7</sup>(a <sup>4</sup>F)6s,e 5F,4,,,https://physics.nist.gov/cgi-bin/ASBib1/get_ASBib_ref.cgi?db=el&amp;db_id=3475&amp;comment_code=&amp;element=Ru&amp;spectr_charge=1&amp;ref=3475&amp;type=
783.339,783.337+,5w,,,32 207.65,-,44 970.04,4d7(a 4F)5p,z 3D°,2,4d<sup>7</sup>(a <sup>4</sup>F)6s,e 3F,2,,,https://physics.nist.gov/cgi-bin/ASBib1/get_ASBib_ref.cgi?db=el&amp;db_id=3475&amp;comment_code=&amp;element=Ru&amp;spectr_charge=1&amp;ref=3475&amp;type=
784.190,784.194+,6w,,,36 542.62,-,49 291.06,4d7(a 4P)5p,x 5D°,4,4d<sup>7</sup>(a <sup>4</sup>P)5d,e 5P,3,,,https://physics.nist.gov/cgi-bin/ASBib1/get_ASBib_ref.cgi?db=el&amp;db_id=3475&amp;comment_code=&amp;element=Ru&amp;spectr_charge=1&amp;ref=3475&amp;type=
784.780,784.782+,30,,,30 279.68,-,43 018.57,4d7(a 4F)5p,z 5G°,5,4d<sup>7</sup>(a <sup>4</sup>F)6s,e 5F,4,,,https://physics.nist.gov/cgi-bin/ASBib1/get_ASBib_ref.cgi?db=el&amp;db_id=3475&amp;comment_code=&amp;element=Ru&amp;spectr_charge=1&amp;ref=3475&amp;type=
788.149,788.146+,80,,,28 571.89,-,41 256.40,4d7(a 4F)5p,z 5G°,6,4d<sup>7</sup>(a <sup>4</sup>F)6s,e 5F,5,,,https://physics.nist.gov/cgi-bin/ASBib1/get_ASBib_ref.cgi?db=el&amp;db_id=3475&amp;comment_code=&amp;element=Ru&amp;spectr_charge=1&amp;ref=3475&amp;type=
789.037,789.041+,16,,,30 348.45,-,43 018.57,4d7(a 4F)5p,z 3F°,4,4d<sup>7</sup>(a <sup>4</sup>F)6s,e 5F,4,,,https://physics.nist.gov/cgi-bin/ASBib1/get_ASBib_ref.cgi?db=el&amp;db_id=3475&amp;comment_code=&amp;element=Ru&amp;spectr_charge=1&amp;ref=3475&amp;type=
792.443,792.444+,16,,,30 279.68,-,42 895.39,4d7(a 4F)5p,z 5G°,5,,A,4,,,https://physics.nist.gov/cgi-bin/ASBib1/get_ASBib_ref.cgi?db=el&amp;db_id=3475&amp;comment_code=&amp;element=Ru&amp;spectr_charge=1&amp;ref=3475&amp;type=
794.815,794.815+,5,,,32 391.95,-,44 970.04,4d7(a 4F)5p,z 3F°,3,4d<sup>7</sup>(a <sup>4</sup>F)6s,e 3F,2,,,https://physics.nist.gov/cgi-bin/ASBib1/get_ASBib_ref.cgi?db=el&amp;db_id=3475&amp;comment_code=&amp;element=Ru&amp;spectr_charge=1&amp;ref=3475&amp;type=
796.784,796.788+,9,,,30 348.45,-,42 895.39,4d7(a 4F)5p,z 3F°,4,,A,4,,,https://physics.nist.gov/cgi-bin/ASBib1/get_ASBib_ref.cgi?db=el&amp;db_id=3475&amp;comment_code=&amp;element=Ru&amp;spectr_charge=1&amp;ref=3475&amp;type=
811.247,811.246+,9,,,31 852.90,-,44 176.23,4d7(a 4F)5p,z 3G°,3,4d<sup>7</sup>(a <sup>4</sup>F)6s,e 5F,3,,,https://physics.nist.gov/cgi-bin/ASBib1/get_ASBib_ref.cgi?db=el&amp;db_id=3475&amp;comment_code=&amp;element=Ru&amp;spectr_charge=1&amp;ref=3475&amp;type=
826.496,826.496+,18,,,29 160.46,-,41 256.40,4d65s(a 6D)5p,z 7F°,6,4d<sup>7</sup>(a <sup>4</sup>F)6s,e 5F,5,,,https://physics.nist.gov/cgi-bin/ASBib1/get_ASBib_ref.cgi?db=el&amp;db_id=3475&amp;comment_code=&amp;element=Ru&amp;spectr_charge=1&amp;ref=3475&amp;type=
834.898,834.898+,11,,,31 044.35,-,43 018.57,4d7(a 4F)5p,z 3D°,3,4d<sup>7</sup>(a <sup>4</sup>F)6s,e 5F,4,,,https://physics.nist.gov/cgi-bin/ASBib1/get_ASBib_ref.cgi?db=el&amp;db_id=3475&amp;comment_code=&amp;element=Ru&amp;spectr_charge=1&amp;ref=3475&amp;type=
835.294,835.291+,6,,,32 207.65,-,44 176.23,4d7(a 4F)5p,z 3D°,2,4d<sup>7</sup>(a <sup>4</sup>F)6s,e 5F,3,,,https://physics.nist.gov/cgi-bin/ASBib1/get_ASBib_ref.cgi?db=el&amp;db_id=3475&amp;comment_code=&amp;element=Ru&amp;spectr_charge=1&amp;ref=3475&amp;type=
843.577,843.576+,4,,,31 044.35,-,42 895.39,4d7(a 4F)5p,z 3D°,3,,A,4,,,https://physics.nist.gov/cgi-bin/ASBib1/get_ASBib_ref.cgi?db=el&amp;db_id=3475&amp;comment_code=&amp;element=Ru&amp;spectr_charge=1&amp;ref=3475&amp;type=
847.364,847.367+,11,,,33 172.02,-,44 970.04,4d7(a 4F)5p,z 3F°,2,4d<sup>7</sup>(a <sup>4</sup>F)6s,e 3F,2,,,https://physics.nist.gov/cgi-bin/ASBib1/get_ASBib_ref.cgi?db=el&amp;db_id=3475&amp;comment_code=&amp;element=Ru&amp;spectr_charge=1&amp;ref=3475&amp;type=
848.356,848.355+,11,,,32 391.95,-,44 176.23,4d7(a 4F)5p,z 3F°,3,4d<sup>7</sup>(a <sup>4</sup>F)6s,e 5F,3,,,https://physics.nist.gov/cgi-bin/ASBib1/get_ASBib_ref.cgi?db=el&amp;db_id=3475&amp;comment_code=&amp;element=Ru&amp;spectr_charge=1&amp;ref=3475&amp;type=
871.084,871.085+,22,,,30 348.45,-,41 825.23,4d7(a 4F)5p,z 3F°,4,4d<sup>7</sup>(a <sup>4</sup>F)6s,e 3F,4,,,https://physics.nist.gov/cgi-bin/ASBib1/get_ASBib_ref.cgi?db=el&amp;db_id=3475&amp;comment_code=&amp;element=Ru&amp;spectr_charge=1&amp;ref=3475&amp;type=
872.498,872.498+,14,,,20 933.75,-,32 391.95,4d8,c 3P,2,4d<sup>7</sup>(a <sup>4</sup>F)5p,z 3F°,3,,,https://physics.nist.gov/cgi-bin/ASBib1/get_ASBib_ref.cgi?db=el&amp;db_id=3475&amp;comment_code=&amp;element=Ru&amp;spectr_charge=1&amp;ref=3475&amp;type=
877.736,877.736+,9,,,33 580.22,-,44 970.04,4d7(a 4F)5p,z 3D°,1,4d<sup>7</sup>(a <sup>4</sup>F)6s,e 3F,2,,,https://physics.nist.gov/cgi-bin/ASBib1/get_ASBib_ref.cgi?db=el&amp;db_id=3475&amp;comment_code=&amp;element=Ru&amp;spectr_charge=1&amp;ref=3475&amp;type=
